100	10	5	200	2000	0	0	0	
0	2124.9	0	1
1	76	70	93
2	82	69	16
3	80	42	63
4	43	63	88
5	49	71	59
6	61	65	52
7	39	77	65
8	82	66	46
9	46	77	11
10	67	74	75
11	54	56	16
12	71	57	46
13	39	35	1
14	77	78	27
15	69	51	2
16	62	53	86
17	57	38	81
18	46	80	72
19	55	66	38
20	59	84	74
21	78	67	45
22	55	64	81
23	56	53	85
24	36	63	12
25	63	72	46
26	58	77	69
27	47	68	53
28	78	65	86
29	40	63	10
30	73	78	44
31	79	35	70
32	63	65	46
33	63	82	28
34	73	81	78
35	46	48	90
36	49	39	91
37	38	62	32
38	82	39	60
39	71	43	20
40	35	56	77
41	43	62	43
42	80	38	37
43	65	69	7
44	58	41	45
45	45	69	92
46	77	65	1
47	62	35	1
48	55	81	87
49	75	51	24
50	48	40	42
51	58	72	27
52	42	82	61
53	77	74	44
54	52	62	19
55	82	76	68
56	40	76	49
57	80	52	59
58	69	84	49
59	71	74	99
60	60	83	91
61	76	40	54
62	82	68	92
63	64	79	84
64	59	53	83
65	38	47	42
66	35	51	31
67	56	36	62
68	47	73	62
69	56	79	62
70	43	55	4
71	60	60	38
72	49	49	77
73	57	83	32
74	45	84	4
75	83	70	15
76	47	39	73
77	45	57	47
78	57	36	3
79	55	37	71
80	66	76	68
81	54	44	29
82	41	74	9
83	63	73	15
84	75	76	66
85	45	79	9
86	71	80	17
87	45	53	36
88	64	35	88
89	35	53	61
90	80	49	63
91	75	39	77
92	67	58	49
93	41	60	61
94	67	80	37
95	66	36	46
96	56	77	72
97	82	55	85
98	84	78	71
99	51	65	90
100	55	48	80
101	66	88	75	860
102	56	89	40	580
103	30	56	70	840
104	30	55	65	760
105	86	52	55	800
106	87	38	75	890
107	61	33	75	950
108	47	32	50	640
109	33	33	60	810
110	31	32	70	900
111	58	109	225	5144
112	13	39	240	5144
113	98	86	175	3310
114	39	10	165	3640
115	24	6	235	5140
