150	20	5	500	3000	0	0	0	
0	1869.53	0	1
1	66	81	91
2	55	66	12
3	74	84	18
4	50	52	96
5	44	83	95
6	52	67	34
7	77	83	68
8	72	49	93
9	44	60	99
10	63	35	78
11	68	69	60
12	61	50	17
13	82	84	76
14	37	74	93
15	55	38	9
16	76	53	49
17	51	55	21
18	74	37	82
19	62	60	14
20	64	50	96
21	74	75	22
22	55	54	63
23	56	79	84
24	69	63	71
25	55	49	12
26	68	35	96
27	74	84	77
28	68	53	97
29	80	68	88
30	62	61	67
31	65	60	75
32	45	65	69
33	59	80	58
34	35	49	56
35	56	57	74
36	56	61	93
37	72	47	85
38	43	44	86
39	54	68	8
40	84	63	54
41	47	54	20
42	63	40	71
43	83	50	74
44	44	61	37
45	37	63	67
46	70	75	60
47	44	55	90
48	47	46	35
49	84	79	81
50	55	46	6
51	78	76	43
52	62	79	89
53	76	68	47
54	35	46	41
55	67	43	63
56	54	63	80
57	80	44	20
58	38	74	10
59	65	68	93
60	74	73	15
61	74	78	14
62	70	60	13
63	38	68	63
64	38	51	40
65	51	71	78
66	39	53	29
67	58	82	58
68	71	44	27
69	64	68	70
70	44	36	76
71	78	45	93
72	37	70	34
73	44	47	60
74	57	37	62
75	74	36	68
76	54	51	17
77	53	47	76
78	48	69	92
79	50	75	17
80	57	48	94
81	63	44	30
82	52	69	89
83	84	75	46
84	43	81	22
85	55	66	12
86	50	46	88
87	47	77	51
88	79	76	83
89	54	65	27
90	77	48	61
91	40	74	13
92	63	71	74
93	74	51	41
94	41	65	32
95	84	53	79
96	38	65	60
97	45	73	96
98	36	56	49
99	41	63	7
100	76	48	1
101	51	81	4
102	61	63	59
103	56	82	81
104	84	54	19
105	43	50	30
106	70	38	59
107	65	42	10
108	76	59	95
109	63	82	11
110	51	55	71
111	37	48	65
112	80	79	88
113	37	38	12
114	81	39	10
115	55	74	99
116	78	77	42
117	78	59	47
118	41	69	93
119	53	49	18
120	78	47	88
121	56	65	92
122	35	47	66
123	62	56	95
124	35	40	10
125	70	63	2
126	67	44	90
127	43	40	66
128	70	64	58
129	36	43	61
130	42	46	49
131	41	79	35
132	84	69	8
133	83	83	94
134	70	35	55
135	45	45	58
136	84	71	36
137	43	58	39
138	74	67	88
139	55	58	49
140	72	77	1
141	61	70	26
142	79	71	48
143	69	68	40
144	47	84	14
145	45	83	77
146	57	53	58
147	41	59	58
148	73	39	87
149	75	47	38
150	69	68	8
151	43	88	60	1050
152	68	86	50	770
153	71	89	45	850
154	50	88	60	1060
155	32	42	40	750
156	31	76	60	1010
157	33	68	70	1330
158	32	71	75	1260
159	89	79	55	1170
160	88	71	70	1420
161	89	48	75	1390
162	86	76	40	820
163	67	31	60	1090
164	48	31	75	1420
165	63	30	50	970
166	54	33	50	970
167	31	89	60	1220
168	33	87	70	1290
169	33	88	45	900
170	32	32	75	1410
171	79	98	220	8127
172	18	52	245	8127
173	100	44	180	5610
174	81	14	240	8127
175	2	12	165	4390
