150	10	5	500	3000	0	0	0	
0	1883.44	0	1
1	65	80	65
2	65	56	80
3	35	57	44
4	72	66	88
5	83	43	64
6	38	70	5
7	57	44	43
8	81	52	87
9	84	81	33
10	80	55	83
11	38	51	67
12	67	49	63
13	40	61	24
14	47	51	41
15	66	79	1
16	58	80	6
17	76	54	85
18	38	40	98
19	67	47	84
20	75	54	38
21	36	58	4
22	37	42	24
23	80	40	40
24	67	70	99
25	62	77	16
26	73	44	3
27	41	79	28
28	36	62	59
29	56	56	86
30	69	46	93
31	49	82	73
32	69	68	58
33	67	44	22
34	40	49	42
35	83	47	55
36	76	42	91
37	63	84	19
38	41	69	26
39	81	71	73
40	60	59	91
41	45	50	15
42	55	55	11
43	50	42	89
44	62	52	51
45	56	38	49
46	78	36	67
47	82	60	86
48	58	80	55
49	80	77	86
50	46	84	52
51	81	81	5
52	59	61	32
53	64	54	25
54	43	73	90
55	76	82	14
56	82	66	4
57	72	43	35
58	61	55	67
59	36	49	91
60	43	63	63
61	77	72	50
62	36	40	60
63	55	37	45
64	46	66	38
65	52	52	60
66	76	55	32
67	67	42	71
68	71	59	69
69	47	74	16
70	69	75	7
71	69	47	62
72	62	57	77
73	81	47	16
74	71	77	38
75	62	75	81
76	59	35	40
77	78	63	75
78	81	35	20
79	83	62	2
80	38	75	41
81	78	82	29
82	44	48	31
83	80	36	21
84	64	62	27
85	48	62	1
86	72	61	53
87	77	66	80
88	40	35	38
89	81	36	74
90	54	37	77
91	57	54	56
92	72	75	33
93	55	54	90
94	80	75	32
95	72	53	86
96	62	78	78
97	36	41	23
98	48	42	31
99	55	72	90
100	42	45	32
101	52	45	42
102	78	58	91
103	41	50	30
104	48	54	85
105	72	68	38
106	61	57	20
107	81	72	97
108	63	71	88
109	60	67	87
110	65	60	8
111	44	44	54
112	70	82	31
113	52	58	51
114	64	78	40
115	45	61	17
116	52	55	98
117	60	51	91
118	75	44	55
119	51	75	14
120	65	44	79
121	60	75	83
122	69	80	65
123	46	61	9
124	80	66	38
125	71	48	13
126	81	55	69
127	48	74	14
128	77	55	37
129	68	54	42
130	42	82	70
131	38	55	79
132	79	73	21
133	56	55	28
134	62	74	30
135	62	69	9
136	54	75	30
137	81	59	74
138	73	41	65
139	82	42	57
140	80	73	81
141	61	58	13
142	77	56	42
143	35	84	70
144	55	39	75
145	66	46	80
146	49	77	37
147	76	44	39
148	39	37	54
149	80	68	95
150	40	43	47
151	63	87	50	800
152	65	89	75	1480
153	30	74	60	1010
154	33	71	55	1130
155	86	56	60	1070
156	89	58	45	980
157	48	31	75	1280
158	40	31	55	1070
159	86	86	50	910
160	33	32	40	920
161	82	107	175	5010
162	21	31	190	7230
163	97	67	205	5970
164	42	0	150	5450
165	93	118	230	7552
