100	20	5	200	2000	0	0	0	
0	1973.08	0	1
1	77	50	82
2	36	50	15
3	36	57	42
4	39	46	98
5	83	64	38
6	45	84	69
7	49	69	78
8	54	84	52
9	68	43	88
10	52	67	41
11	48	75	5
12	64	36	43
13	74	51	48
14	60	83	3
15	74	76	15
16	40	38	31
17	73	71	82
18	45	62	78
19	57	55	13
20	53	68	43
21	57	46	60
22	39	69	48
23	56	38	14
24	43	40	36
25	46	81	32
26	40	80	22
27	84	63	30
28	62	68	74
29	59	39	5
30	55	76	99
31	69	49	40
32	84	76	80
33	37	61	66
34	48	68	99
35	51	38	13
36	42	35	53
37	55	67	22
38	41	62	60
39	75	65	86
40	72	70	90
41	82	74	95
42	41	42	6
43	36	74	72
44	38	36	34
45	65	52	66
46	47	37	82
47	70	74	73
48	57	81	58
49	77	38	84
50	44	77	45
51	63	73	8
52	48	42	21
53	47	38	53
54	57	73	17
55	60	69	9
56	39	74	9
57	74	78	91
58	68	78	86
59	60	41	97
60	82	39	83
61	61	44	89
62	56	43	75
63	64	74	10
64	84	72	73
65	69	71	68
66	69	42	34
67	65	47	51
68	84	73	95
69	70	60	46
70	56	38	3
71	58	84	89
72	47	41	83
73	65	51	26
74	42	37	3
75	49	38	30
76	54	77	80
77	71	61	11
78	83	75	68
79	40	57	6
80	46	57	75
81	70	76	59
82	40	77	18
83	77	59	21
84	78	75	67
85	54	68	89
86	59	79	59
87	81	58	70
88	51	56	98
89	69	43	37
90	35	64	19
91	51	76	84
92	69	70	66
93	44	75	81
94	54	42	2
95	60	69	23
96	70	58	49
97	41	64	51
98	46	75	74
99	81	64	56
100	61	69	51
101	81	89	75	980
102	71	86	50	570
103	62	88	50	600
104	82	88	50	630
105	33	45	70	970
106	33	77	40	630
107	32	41	55	770
108	30	58	70	920
109	86	47	75	990
110	88	37	70	970
111	88	51	50	640
112	86	79	75	970
113	69	32	60	760
114	83	33	70	890
115	38	31	50	560
116	75	32	70	990
117	87	87	70	850
118	31	31	70	920
119	32	31	75	910
120	31	33	70	890
121	76	118	245	5171
122	23	70	225	5171
123	92	70	180	3190
124	86	28	245	5171
125	6	113	215	4740
