20	10	4	200	800	0	0	0	
0	1149.72	0	1
1	122	60	16
2	108	125	35
3	98	110	14
4	107	43	83
5	64	124	12
6	120	111	3
7	107	122	31
8	115	57	20
9	30	96	67
10	77	31	57
11	123	72	60
12	72	40	38
13	66	106	26
14	122	38	98
15	106	97	73
16	91	56	93
17	82	35	18
18	98	87	87
19	63	110	39
20	100	32	16
21	38	129	75	570
22	72	129	50	390
23	14	51	75	600
24	10	44	70	600
25	132	109	40	340
26	130	35	40	400
27	39	16	70	540
28	109	13	70	570
29	134	13	70	540
30	21	16	40	380
31	92	149	205	886
32	0	97	190	886
33	145	85	140	886
34	133	5	150	886
