25	8	3	200	800	0	0	0	
0	870.69	0	1
1	70	60	96
2	53	54	57
3	77	40	34
4	66	64	37
5	38	59	92
6	76	60	28
7	43	80	81
8	84	43	6
9	81	59	27
10	77	39	72
11	60	38	11
12	79	62	57
13	67	68	10
14	47	78	8
15	70	57	60
16	73	36	22
17	61	58	89
18	49	45	15
19	58	74	46
20	75	62	33
21	78	43	3
22	72	76	68
23	76	84	21
24	57	71	89
25	75	74	61
26	61	86	65	490
27	70	93	75	580
28	82	93	40	310
29	29	52	45	350
30	92	59	40	350
31	86	65	75	550
32	83	22	75	570
33	34	92	40	360
34	65	115	130	1123
35	18	31	160	1123
36	3	63	130	1123
