25	10	3	200	800	0	0	0	
0	1062.3	0	1
1	54	45	56
2	45	62	61
3	56	53	58
4	60	48	93
5	56	73	99
6	44	57	49
7	49	59	27
8	44	66	95
9	73	35	42
10	75	42	6
11	84	60	66
12	62	84	57
13	65	46	41
14	80	47	20
15	81	47	40
16	56	44	7
17	83	69	50
18	84	36	58
19	52	58	82
20	58	36	4
21	69	35	80
22	85	81	62
23	44	45	79
24	74	82	12
25	43	77	34
26	45	98	65	470
27	65	96	60	490
28	34	69	70	590
29	24	75	75	510
30	98	58	55	430
31	89	50	70	520
32	74	20	70	520
33	52	24	75	540
34	28	93	75	540
35	34	26	40	380
36	120	96	135	1278
37	102	34	115	1110
38	22	13	190	1278
