25	10	2	200	800	0	0	0	
0	1030.4	0	1
1	43	51	17
2	54	47	78
3	63	48	42
4	36	66	59
5	44	74	10
6	83	39	45
7	57	36	68
8	61	61	96
9	66	47	30
10	53	50	21
11	68	38	36
12	48	60	41
13	40	44	60
14	80	74	80
15	82	66	31
16	41	72	16
17	85	35	31
18	69	50	77
19	44	35	51
20	73	78	75
21	65	47	82
22	49	49	54
23	62	56	71
24	80	48	97
25	41	57	15
26	84	87	75	530
27	55	90	75	550
28	26	42	50	390
29	26	42	50	380
30	96	38	60	410
31	92	73	60	460
32	36	33	55	410
33	67	21	40	380
34	27	98	70	530
35	91	21	55	480
36	18	40	175	1283
37	103	75	150	1283
