25	10	4	200	800	0	0	0	
0	1607.94	0	1
1	109	63	74
2	112	64	71
3	75	81	52
4	74	38	81
5	113	46	82
6	52	44	69
7	43	96	42
8	57	60	40
9	80	110	62
10	39	98	22
11	90	112	63
12	45	49	76
13	89	73	73
14	72	65	86
15	105	45	89
16	113	35	92
17	80	64	46
18	78	102	79
19	58	97	30
20	35	87	72
21	72	53	22
22	64	104	43
23	36	93	92
24	77	45	75
25	91	55	72
26	60	132	60	500
27	84	117	45	390
28	31	58	55	500
29	22	36	75	530
30	126	72	70	600
31	132	109	60	460
32	76	24	50	340
33	55	16	70	530
34	126	131	50	330
35	26	22	70	570
36	68	144	165	1600
37	13	123	145	1605
38	142	101	120	1260
39	69	5	190	1605
