200	20	5	500	3000	0	0	0	
0	2219.54	0	1
1	66	47	60
2	81	49	22
3	73	71	67
4	68	74	14
5	50	64	29
6	35	73	19
7	79	56	58
8	48	36	90
9	51	36	92
10	81	57	17
11	45	83	17
12	55	59	8
13	77	65	37
14	73	65	5
15	51	81	54
16	65	66	51
17	75	44	11
18	35	56	85
19	76	42	27
20	57	44	88
21	40	40	1
22	48	46	9
23	65	43	39
24	61	79	44
25	59	81	15
26	54	42	29
27	63	54	15
28	39	61	33
29	40	40	21
30	67	58	9
31	75	84	85
32	47	84	82
33	38	72	73
34	49	82	16
35	40	65	98
36	69	56	28
37	43	73	97
38	51	35	33
39	36	35	87
40	56	52	8
41	39	71	56
42	37	58	39
43	80	66	96
44	77	77	66
45	38	36	62
46	76	71	58
47	66	57	18
48	63	59	62
49	69	49	76
50	77	63	54
51	46	75	31
52	40	62	6
53	51	74	30
54	52	45	69
55	46	68	88
56	41	73	27
57	55	74	46
58	84	49	65
59	61	48	53
60	47	41	84
61	63	67	60
62	78	51	84
63	43	40	28
64	38	59	27
65	43	60	46
66	78	84	81
67	68	73	75
68	54	82	9
69	40	52	31
70	78	78	39
71	78	39	76
72	49	83	89
73	54	58	6
74	60	70	32
75	62	51	20
76	56	54	93
77	62	78	27
78	77	61	35
79	54	39	82
80	56	75	75
81	41	74	96
82	79	62	49
83	67	46	75
84	56	42	71
85	63	83	38
86	44	70	48
87	42	71	25
88	58	47	64
89	60	63	38
90	62	41	6
91	76	76	69
92	56	69	63
93	80	64	74
94	78	72	8
95	68	48	33
96	79	66	9
97	41	66	15
98	48	50	22
99	39	83	52
100	78	72	12
101	47	73	87
102	70	36	24
103	64	81	32
104	56	40	44
105	68	66	11
106	83	82	33
107	72	82	93
108	71	39	71
109	59	40	7
110	49	55	92
111	67	65	95
112	63	49	66
113	65	84	49
114	62	74	16
115	54	46	92
116	48	47	72
117	83	35	95
118	54	65	51
119	82	54	9
120	61	45	73
121	37	52	50
122	37	60	81
123	45	63	95
124	55	62	35
125	78	55	4
126	45	78	6
127	43	63	46
128	83	46	62
129	70	67	96
130	73	78	31
131	52	38	36
132	68	35	56
133	72	50	50
134	36	65	13
135	40	55	65
136	45	47	96
137	83	82	21
138	72	84	71
139	54	62	75
140	72	70	50
141	46	67	8
142	72	49	29
143	42	56	5
144	46	77	27
145	42	67	90
146	82	71	94
147	36	73	65
148	76	83	62
149	69	42	99
150	71	53	24
151	83	53	2
152	44	74	86
153	74	63	20
154	41	47	18
155	71	41	17
156	54	77	31
157	48	57	16
158	62	55	48
159	53	71	21
160	62	54	38
161	42	61	85
162	50	67	92
163	67	42	88
164	70	69	28
165	75	43	35
166	44	51	72
167	45	37	91
168	83	44	87
169	74	64	60
170	73	70	65
171	68	51	77
172	79	72	45
173	37	50	62
174	35	65	86
175	57	65	63
176	64	71	63
177	48	78	51
178	76	79	13
179	57	84	31
180	72	41	59
181	81	62	79
182	42	80	55
183	51	36	70
184	44	55	52
185	35	39	61
186	39	46	28
187	69	50	71
188	84	62	50
189	80	83	9
190	72	63	46
191	69	44	9
192	73	56	98
193	48	63	53
194	58	65	79
195	62	54	23
196	50	62	77
197	64	57	80
198	70	54	13
199	55	37	27
200	82	83	74
201	45	86	65	1220
202	63	87	60	1100
203	74	86	75	1290
204	37	86	60	1160
205	31	77	60	1160
206	30	41	65	1160
207	31	68	70	1270
208	33	60	60	1250
209	88	53	75	1290
210	86	70	50	840
211	88	52	40	950
212	87	38	40	980
213	51	31	65	1120
214	77	33	70	1330
215	38	32	75	1360
216	54	30	75	1330
217	89	88	65	1120
218	30	31	65	1170
219	33	33	70	1390
220	31	33	55	1060
221	73	115	195	6490
222	28	75	155	4810
223	117	56	220	8960
224	58	0	195	5750
225	113	116	160	5610
