200	10	5	500	3000	0	0	0	
0	2443.8	0	1
1	66	64	26
2	68	58	66
3	74	53	92
4	59	38	5
5	72	74	62
6	69	45	76
7	53	45	63
8	60	43	42
9	48	73	95
10	47	46	97
11	56	51	39
12	83	54	62
13	79	49	57
14	55	44	49
15	53	84	32
16	45	84	50
17	38	74	66
18	55	47	83
19	44	76	20
20	61	72	43
21	82	58	11
22	77	50	36
23	36	61	12
24	65	46	8
25	82	40	63
26	61	63	13
27	43	44	46
28	78	82	15
29	60	54	5
30	39	60	38
31	70	72	30
32	71	49	26
33	49	51	65
34	42	40	85
35	48	36	37
36	37	83	60
37	83	60	41
38	47	39	10
39	45	76	48
40	45	82	81
41	68	37	87
42	50	49	6
43	56	58	85
44	60	69	51
45	37	75	65
46	73	48	10
47	55	56	5
48	80	52	98
49	51	64	29
50	41	55	80
51	62	51	86
52	51	46	47
53	38	46	39
54	44	46	55
55	56	81	26
56	72	68	53
57	42	84	82
58	61	62	38
59	38	58	23
60	61	82	99
61	68	47	87
62	74	80	98
63	65	79	95
64	63	55	83
65	47	40	12
66	83	44	55
67	38	53	17
68	62	38	68
69	52	60	1
70	61	57	8
71	78	67	84
72	43	52	12
73	49	77	83
74	59	54	96
75	43	68	44
76	80	78	55
77	57	63	2
78	38	40	63
79	77	82	50
80	57	37	85
81	52	59	63
82	65	65	69
83	76	36	11
84	75	61	46
85	84	74	74
86	72	83	68
87	69	74	87
88	69	37	24
89	57	39	82
90	70	44	83
91	58	75	91
92	35	70	68
93	77	58	57
94	35	43	70
95	51	51	56
96	83	66	84
97	68	45	56
98	42	53	36
99	40	48	29
100	77	60	56
101	74	77	95
102	66	75	91
103	60	82	57
104	70	47	31
105	81	58	70
106	77	35	96
107	68	62	2
108	48	49	34
109	36	61	58
110	50	55	81
111	52	56	80
112	47	64	27
113	51	61	31
114	72	81	13
115	80	35	46
116	38	37	7
117	56	72	21
118	48	42	72
119	67	52	13
120	70	46	31
121	46	83	71
122	61	79	24
123	79	60	46
124	45	51	72
125	49	84	3
126	81	61	48
127	68	51	7
128	77	80	11
129	78	55	29
130	58	37	90
131	46	83	85
132	51	77	32
133	78	66	72
134	78	75	34
135	68	75	12
136	39	59	66
137	63	70	79
138	48	50	30
139	80	35	62
140	47	73	26
141	53	68	17
142	76	35	88
143	80	62	72
144	71	56	70
145	68	50	34
146	44	37	76
147	63	66	62
148	75	61	75
149	72	69	69
150	70	60	16
151	63	62	82
152	41	36	14
153	38	70	99
154	48	64	39
155	70	39	97
156	63	48	38
157	80	76	98
158	84	55	83
159	79	83	7
160	41	44	70
161	50	39	5
162	59	47	85
163	44	83	14
164	80	37	79
165	72	83	68
166	81	50	61
167	50	40	63
168	69	75	70
169	52	80	81
170	54	41	28
171	70	47	44
172	36	59	48
173	71	35	49
174	44	79	60
175	84	71	68
176	54	79	87
177	81	80	16
178	57	51	27
179	62	60	44
180	44	41	74
181	84	48	1
182	55	83	3
183	39	44	42
184	50	40	40
185	69	81	58
186	82	82	10
187	47	54	74
188	36	58	72
189	49	35	14
190	81	54	81
191	64	37	81
192	77	45	2
193	66	39	94
194	65	68	91
195	67	36	56
196	39	60	62
197	52	36	11
198	69	49	52
199	74	61	90
200	78	77	25
201	62	89	75	1360
202	73	87	50	880
203	30	65	45	990
204	30	76	75	1280
205	89	41	50	750
206	88	68	55	1110
207	61	32	75	1380
208	45	32	50	840
209	32	30	65	1010
210	87	86	55	1170
211	81	105	195	7110
212	4	75	225	7840
213	112	40	235	8250
214	43	5	155	4590
215	99	110	210	5820
