75	10	5	200	2000	0	0	0	
0	1540.23	0	1
1	75	67	18
2	43	73	63
3	50	55	70
4	75	66	56
5	59	62	40
6	65	76	69
7	74	84	74
8	60	63	51
9	43	61	34
10	84	45	69
11	64	80	97
12	80	68	9
13	42	66	74
14	49	79	28
15	43	81	15
16	43	39	82
17	49	41	67
18	36	77	89
19	35	77	56
20	78	83	2
21	36	48	86
22	36	73	19
23	61	71	60
24	58	65	19
25	43	44	29
26	73	75	63
27	73	67	7
28	39	61	65
29	66	84	39
30	52	67	42
31	83	73	19
32	54	41	43
33	36	41	98
34	75	52	66
35	60	61	45
36	36	75	83
37	55	53	32
38	73	56	6
39	37	35	92
40	55	36	19
41	46	35	18
42	35	71	9
43	59	83	43
44	40	46	89
45	80	81	57
46	44	57	93
47	65	75	15
48	35	40	24
49	54	45	1
50	40	80	93
51	78	79	93
52	39	57	32
53	84	62	63
54	81	52	10
55	60	57	10
56	42	58	38
57	66	68	54
58	49	61	32
59	39	62	76
60	54	42	92
61	84	61	32
62	56	40	79
63	71	48	62
64	42	72	97
65	35	73	15
66	79	83	32
67	55	74	29
68	69	62	74
69	51	47	69
70	63	41	7
71	49	48	92
72	47	52	17
73	82	77	90
74	49	61	38
75	61	46	38
76	56	87	60	790
77	78	87	45	520
78	33	79	55	830
79	32	57	45	570
80	89	71	70	840
81	89	80	50	570
82	77	31	50	640
83	55	33	70	890
84	86	89	65	810
85	33	86	40	510
86	61	94	200	3708
87	11	62	210	3708
88	95	63	170	3630
89	75	10	195	3708
90	8	22	185	3708
