75	15	5	200	2000	0	0	0	
0	1686.21	0	1
1	76	59	79
2	35	56	54
3	82	48	55
4	72	46	68
5	83	59	3
6	72	50	86
7	78	50	44
8	59	48	99
9	71	47	52
10	71	82	30
11	81	65	66
12	52	80	40
13	78	66	46
14	53	64	31
15	73	59	48
16	83	46	84
17	69	75	43
18	41	58	36
19	81	45	55
20	84	82	67
21	76	57	70
22	39	56	45
23	37	45	55
24	63	68	60
25	49	59	59
26	41	77	97
27	51	60	27
28	54	64	79
29	37	46	39
30	59	81	78
31	35	57	10
32	69	52	47
33	38	49	10
34	40	67	9
35	65	48	13
36	43	52	68
37	81	49	35
38	40	49	6
39	41	41	94
40	43	76	47
41	44	84	83
42	77	67	58
43	60	83	15
44	53	73	11
45	59	59	65
46	53	45	20
47	69	65	68
48	44	66	71
49	68	52	79
50	48	37	68
51	78	65	24
52	84	59	92
53	63	42	30
54	65	79	20
55	73	56	55
56	63	65	77
57	51	59	12
58	65	48	50
59	83	47	96
60	74	44	60
61	55	78	49
62	40	70	25
63	83	36	9
64	84	44	16
65	46	51	63
66	66	58	70
67	70	37	91
68	84	37	67
69	83	64	58
70	54	55	96
71	77	74	25
72	51	42	95
73	78	44	13
74	74	62	22
75	39	44	70
76	54	89	65	820
77	66	87	75	970
78	75	86	40	570
79	31	77	60	820
80	30	62	75	900
81	32	81	50	540
82	89	36	55	750
83	88	52	70	970
84	86	57	55	830
85	40	32	75	980
86	66	30	65	800
87	74	32	55	790
88	86	88	75	890
89	31	88	55	800
90	87	86	55	830
91	73	112	165	3660
92	28	81	150	3030
93	108	56	230	3857
94	34	14	225	3857
95	108	97	235	3857
