150	10	5	500	3000	0	0	0	
0	1728.05	0	1
1	62	65	85
2	70	49	76
3	43	52	24
4	73	73	95
5	73	46	31
6	54	62	37
7	71	68	1
8	61	74	53
9	43	37	67
10	58	38	72
11	65	51	5
12	70	51	64
13	67	44	40
14	52	78	31
15	38	67	47
16	42	82	93
17	64	38	90
18	49	36	84
19	68	68	10
20	62	59	35
21	48	47	25
22	54	83	27
23	55	40	38
24	63	55	99
25	61	74	48
26	49	81	24
27	76	65	75
28	71	42	67
29	76	62	13
30	67	62	13
31	45	52	72
32	84	38	34
33	83	63	36
34	66	43	15
35	72	78	72
36	81	41	54
37	50	44	5
38	50	69	67
39	77	81	36
40	39	41	92
41	62	80	62
42	47	54	38
43	39	52	69
44	79	67	88
45	46	62	76
46	46	35	29
47	61	47	34
48	42	61	54
49	38	39	65
50	51	38	31
51	54	61	21
52	81	78	95
53	74	45	14
54	49	77	35
55	41	70	28
56	76	64	93
57	83	54	41
58	56	48	60
59	82	58	62
60	37	60	27
61	83	57	43
62	43	63	16
63	51	62	87
64	70	73	63
65	43	35	88
66	40	64	44
67	40	62	24
68	67	74	22
69	77	59	80
70	83	39	60
71	68	51	58
72	43	61	23
73	75	57	66
74	50	45	52
75	52	63	43
76	78	47	22
77	83	46	1
78	47	56	36
79	35	82	40
80	42	51	49
81	48	67	60
82	47	84	52
83	74	71	7
84	63	76	57
85	78	67	3
86	79	55	74
87	79	52	73
88	56	72	93
89	46	72	64
90	38	72	32
91	63	44	94
92	84	40	90
93	73	83	4
94	54	62	19
95	38	80	46
96	63	70	12
97	81	56	73
98	83	72	76
99	64	38	36
100	81	62	24
101	49	41	35
102	79	83	38
103	48	51	6
104	53	80	51
105	57	79	90
106	36	39	12
107	42	51	86
108	65	84	69
109	55	48	56
110	78	62	95
111	81	46	89
112	42	46	3
113	45	57	43
114	72	60	4
115	77	40	5
116	42	40	80
117	58	61	78
118	52	39	87
119	42	50	63
120	57	57	13
121	63	72	18
122	83	35	33
123	66	71	58
124	70	46	48
125	50	66	3
126	76	66	38
127	73	46	74
128	59	80	62
129	60	69	98
130	71	78	17
131	77	52	23
132	42	36	56
133	64	36	67
134	72	35	63
135	62	37	18
136	47	56	1
137	60	77	25
138	59	68	7
139	62	45	11
140	59	62	6
141	41	71	14
142	67	52	93
143	59	48	12
144	36	51	55
145	57	63	63
146	41	53	37
147	76	64	3
148	73	44	92
149	60	70	57
150	80	77	56
151	44	88	75	1440
152	30	63	45	990
153	87	54	55	1050
154	62	30	75	1420
155	89	87	70	1390
156	76	36	70	1440
157	61	40	50	760
158	41	52	75	1260
159	43	80	60	1100
160	70	49	55	1060
161	35	107	165	5200
162	9	56	245	7091
163	119	44	185	7091
164	47	20	165	4120
165	100	92	195	6930
