100	20	5	200	1500	0	0	0	
0	1996.34	0	1
1	71	61	12
2	72	84	60
3	38	51	16
4	73	49	95
5	35	45	57
6	75	76	94
7	53	61	35
8	64	39	32
9	79	72	81
10	44	57	96
11	69	64	24
12	45	53	52
13	40	76	65
14	56	62	68
15	72	73	46
16	68	56	65
17	76	42	9
18	67	42	69
19	57	77	67
20	58	76	39
21	63	72	36
22	63	38	91
23	58	75	42
24	52	83	42
25	81	68	78
26	63	84	73
27	79	53	11
28	65	66	50
29	39	48	62
30	46	45	10
31	63	43	64
32	72	57	11
33	79	81	91
34	56	69	97
35	76	45	82
36	57	59	18
37	54	50	52
38	61	50	73
39	38	43	20
40	62	45	84
41	60	82	27
42	41	40	76
43	77	71	28
44	73	51	75
45	43	51	64
46	71	67	97
47	45	82	83
48	38	61	70
49	81	44	59
50	49	78	51
51	57	44	40
52	68	49	39
53	79	51	14
54	36	69	26
55	59	65	45
56	74	60	95
57	72	61	37
58	73	82	46
59	76	58	42
60	81	63	95
61	82	82	31
62	72	69	14
63	44	63	26
64	75	59	63
65	61	60	37
66	57	63	52
67	43	80	35
68	68	64	6
69	70	71	92
70	60	40	22
71	62	78	65
72	55	51	3
73	38	63	63
74	79	82	32
75	75	44	8
76	79	37	20
77	82	59	5
78	64	64	20
79	67	72	55
80	80	36	46
81	47	62	21
82	46	66	24
83	72	64	12
84	55	58	3
85	38	73	60
86	54	61	8
87	75	50	45
88	54	44	11
89	60	47	46
90	51	48	76
91	83	36	97
92	73	53	79
93	80	62	48
94	35	52	44
95	70	47	15
96	78	37	95
97	83	35	7
98	74	50	77
99	50	61	8
100	44	40	81
101	40	89	65	670
102	48	86	45	540
103	33	53	40	500
104	32	37	40	640
105	86	36	50	570
106	88	46	55	820
107	56	30	75	950
108	42	31	70	980
109	88	86	50	600
110	32	30	75	980
111	77	54	40	550
112	66	42	70	890
113	73	62	65	760
114	69	41	50	520
115	63	56	70	920
116	77	64	55	670
117	42	70	75	970
118	38	82	75	980
119	60	60	50	570
120	73	81	60	670
121	83	114	220	2250
122	28	83	200	2160
123	118	82	200	1980
124	44	23	150	1550
125	102	114	215	2040
