100	10	5	200	1500	0	0	0	
0	2231.21	0	1
1	70	74	6
2	60	71	19
3	56	51	72
4	74	74	80
5	51	67	72
6	62	43	96
7	40	41	34
8	69	73	35
9	83	82	97
10	78	49	29
11	56	51	62
12	50	73	5
13	39	38	99
14	63	53	81
15	43	45	5
16	38	55	63
17	43	35	84
18	68	59	89
19	51	70	99
20	70	70	58
21	38	69	55
22	37	39	74
23	72	57	71
24	65	52	23
25	66	73	64
26	64	39	99
27	44	74	1
28	47	70	64
29	75	40	23
30	80	81	50
31	77	56	22
32	65	51	21
33	81	82	77
34	72	74	45
35	73	66	61
36	56	41	43
37	41	66	63
38	60	58	65
39	36	51	71
40	53	65	81
41	55	72	39
42	70	40	16
43	68	51	86
44	37	70	49
45	80	36	24
46	43	55	88
47	70	74	26
48	84	83	34
49	44	59	30
50	62	35	52
51	46	50	95
52	43	59	25
53	61	45	17
54	82	59	45
55	67	71	12
56	63	51	32
57	83	57	58
58	49	83	85
59	40	76	78
60	49	41	66
61	80	42	56
62	54	83	72
63	56	54	68
64	58	36	64
65	51	75	77
66	40	75	6
67	51	59	19
68	72	42	1
69	41	74	60
70	63	69	88
71	51	61	4
72	66	67	97
73	73	69	67
74	36	42	36
75	41	36	83
76	39	57	74
77	75	48	16
78	44	77	71
79	80	65	8
80	41	67	19
81	50	52	83
82	62	55	15
83	49	40	63
84	65	76	59
85	81	41	4
86	71	50	54
87	46	50	35
88	73	53	94
89	66	59	59
90	48	59	4
91	41	51	91
92	40	72	66
93	58	67	84
94	75	68	33
95	68	84	45
96	75	80	42
97	36	69	79
98	36	38	90
99	46	49	11
100	64	35	72
101	60	87	70	900
102	33	66	40	640
103	86	42	40	500
104	43	33	50	650
105	86	86	70	870
106	84	63	60	790
107	77	75	65	740
108	38	74	75	920
109	76	41	60	780
110	70	36	75	900
111	36	115	165	1720
112	12	85	150	1800
113	93	66	165	1650
114	44	0	220	2470
115	22	26	210	2070
