150	20	5	500	3000	0	0	0	
0	1630.29	0	1
1	62	72	28
2	68	41	50
3	59	64	62
4	54	50	9
5	83	71	67
6	47	72	48
7	45	36	15
8	76	70	51
9	76	41	40
10	72	83	68
11	64	61	71
12	66	52	68
13	74	40	10
14	52	54	94
15	52	79	82
16	62	70	95
17	56	63	50
18	35	84	42
19	67	48	31
20	46	77	6
21	82	37	8
22	65	39	17
23	68	62	25
24	45	51	67
25	37	83	72
26	61	64	38
27	56	54	60
28	37	76	6
29	45	57	60
30	43	43	90
31	58	54	46
32	47	80	1
33	50	68	48
34	71	52	61
35	43	79	91
36	68	82	69
37	55	36	69
38	45	62	37
39	47	49	53
40	84	60	46
41	79	82	3
42	65	35	90
43	60	76	31
44	66	63	12
45	69	69	61
46	45	65	50
47	39	60	23
48	82	54	97
49	76	38	28
50	51	57	80
51	57	49	22
52	53	76	8
53	82	50	24
54	40	49	68
55	47	84	69
56	61	71	75
57	36	83	72
58	58	72	26
59	57	43	31
60	78	36	15
61	47	49	46
62	71	45	27
63	71	58	38
64	54	62	74
65	71	66	41
66	36	60	84
67	64	61	37
68	76	82	51
69	58	69	83
70	42	39	65
71	40	42	1
72	58	66	77
73	44	83	13
74	80	43	73
75	82	64	39
76	56	54	36
77	39	36	28
78	59	38	91
79	55	82	68
80	69	61	23
81	64	57	67
82	40	62	10
83	38	49	74
84	79	79	95
85	84	64	90
86	53	51	21
87	42	58	20
88	40	83	45
89	79	48	28
90	60	56	33
91	63	62	50
92	57	55	27
93	61	59	96
94	38	73	66
95	59	60	31
96	78	83	71
97	78	45	10
98	48	51	78
99	74	43	83
100	38	48	32
101	62	51	99
102	47	73	99
103	60	46	33
104	70	58	81
105	54	36	86
106	80	51	14
107	69	44	62
108	78	46	7
109	74	55	97
110	48	45	67
111	65	82	68
112	39	79	30
113	67	64	72
114	84	43	42
115	76	40	11
116	80	62	93
117	39	64	71
118	46	58	76
119	37	64	67
120	83	72	34
121	65	62	7
122	51	45	67
123	52	65	69
124	80	52	1
125	84	82	26
126	59	65	38
127	62	70	37
128	41	66	21
129	64	66	59
130	84	76	15
131	52	76	90
132	52	82	82
133	50	71	56
134	35	69	74
135	42	39	57
136	49	38	36
137	80	68	44
138	74	71	27
139	39	54	43
140	53	57	78
141	80	47	11
142	39	46	90
143	38	44	95
144	68	68	21
145	72	39	51
146	60	56	10
147	61	36	30
148	42	51	17
149	62	44	83
150	81	71	3
151	69	89	45	950
152	36	86	50	770
153	30	80	75	1310
154	31	75	65	1070
155	87	37	70	1390
156	86	47	60	1030
157	63	32	55	1240
158	74	30	50	950
159	89	87	45	770
160	31	33	45	750
161	38	73	60	1130
162	39	53	60	1010
163	64	55	70	1480
164	63	77	45	860
165	75	63	65	1010
166	39	36	40	790
167	65	45	55	1220
168	60	44	55	1230
169	60	40	50	870
170	35	72	70	1450
171	43	118	185	6160
172	12	55	245	7405
173	101	69	175	4010
174	74	19	230	7340
175	112	105	205	6390
