25	10	3	200	800	0	0	0	
0	987.57	0	1
1	80	49	40
2	85	56	90
3	46	79	88
4	49	70	69
5	48	55	1
6	55	60	35
7	65	85	89
8	52	53	84
9	69	73	64
10	78	54	28
11	43	54	62
12	81	38	65
13	82	59	89
14	47	71	59
15	41	76	91
16	68	53	66
17	60	65	44
18	84	52	27
19	48	76	37
20	67	35	60
21	73	64	26
22	76	62	96
23	40	48	76
24	36	66	80
25	51	59	25
26	79	97	50	390
27	23	37	50	380
28	91	69	45	330
29	48	22	40	400
30	87	25	70	550
31	67	84	60	420
32	82	80	40	400
33	85	57	70	590
34	76	36	40	360
35	56	68	70	600
36	50	110	165	1491
37	96	5	195	1491
38	98	14	180	1491
