200	20	5	500	3000	0	0	0	
0	2049.01	0	1
1	63	65	15
2	49	84	72
3	81	35	22
4	78	66	29
5	68	58	62
6	68	42	94
7	69	42	11
8	67	52	5
9	63	55	25
10	43	50	25
11	60	64	33
12	82	65	54
13	51	63	34
14	45	62	49
15	71	66	24
16	69	50	41
17	51	47	61
18	77	62	72
19	58	79	58
20	41	72	31
21	60	62	10
22	37	84	83
23	70	75	64
24	53	47	80
25	36	69	98
26	73	57	66
27	67	51	31
28	84	71	58
29	40	82	63
30	43	73	99
31	75	65	38
32	39	38	15
33	43	62	95
34	82	68	19
35	71	76	77
36	55	78	57
37	40	46	39
38	64	80	98
39	73	53	90
40	46	54	37
41	77	35	72
42	66	67	1
43	43	35	87
44	60	50	19
45	79	71	87
46	47	43	69
47	56	45	79
48	80	45	25
49	44	46	3
50	68	76	9
51	54	80	90
52	51	46	27
53	73	43	12
54	67	49	28
55	51	44	64
56	54	75	90
57	79	75	15
58	52	78	86
59	80	47	54
60	79	48	33
61	64	71	26
62	38	45	26
63	66	77	3
64	37	69	94
65	81	63	8
66	35	83	20
67	70	64	87
68	41	41	2
69	58	80	27
70	59	65	25
71	77	65	63
72	36	69	12
73	53	49	78
74	41	55	81
75	71	72	58
76	50	41	12
77	71	75	77
78	83	53	22
79	84	67	54
80	60	40	73
81	50	74	61
82	45	45	50
83	53	42	27
84	37	37	26
85	73	47	4
86	73	51	50
87	67	54	55
88	64	45	60
89	79	73	82
90	39	73	82
91	49	67	86
92	41	82	16
93	51	49	4
94	45	37	32
95	51	73	68
96	75	60	66
97	59	52	25
98	39	78	54
99	47	84	22
100	68	51	59
101	67	65	71
102	76	72	3
103	75	83	82
104	47	59	22
105	41	36	4
106	66	61	62
107	36	82	74
108	46	41	90
109	78	50	24
110	61	57	90
111	69	76	46
112	51	48	76
113	73	56	61
114	60	48	83
115	60	36	28
116	48	43	19
117	59	57	56
118	38	83	62
119	37	81	53
120	45	57	49
121	81	67	63
122	77	46	7
123	81	77	94
124	56	52	8
125	36	45	93
126	54	57	31
127	44	46	47
128	71	37	39
129	53	45	21
130	68	66	19
131	46	40	30
132	48	56	16
133	75	64	68
134	55	66	25
135	63	53	28
136	42	66	97
137	82	62	13
138	82	46	54
139	59	43	43
140	75	55	1
141	69	79	99
142	58	59	22
143	77	64	79
144	50	61	63
145	56	50	29
146	60	81	13
147	59	51	32
148	62	62	88
149	46	66	92
150	62	79	41
151	83	47	6
152	64	41	61
153	69	42	23
154	58	64	31
155	60	66	26
156	43	39	1
157	70	46	44
158	80	55	5
159	61	37	80
160	54	55	63
161	75	41	74
162	42	75	24
163	38	56	41
164	77	55	47
165	53	49	69
166	58	48	53
167	39	72	11
168	46	57	12
169	53	79	70
170	76	83	86
171	36	53	48
172	49	39	78
173	77	55	32
174	73	54	30
175	74	69	10
176	66	45	4
177	82	47	94
178	39	54	56
179	59	46	57
180	42	45	5
181	65	73	90
182	68	61	30
183	80	69	83
184	52	52	38
185	68	64	28
186	66	59	38
187	44	43	3
188	54	75	76
189	66	48	59
190	55	70	99
191	71	79	34
192	59	44	29
193	76	74	66
194	76	46	95
195	71	78	59
196	35	51	21
197	39	46	78
198	67	61	11
199	54	79	66
200	41	75	78
201	72	89	75	1360
202	81	89	40	880
203	30	59	70	1350
204	31	60	65	1220
205	89	50	50	780
206	86	40	70	1460
207	51	30	60	1210
208	75	32	50	820
209	31	86	75	1400
210	32	30	40	900
211	84	82	70	1280
212	41	52	60	1040
213	82	54	55	1160
214	44	77	70	1280
215	57	51	40	850
216	83	60	60	1060
217	73	76	45	800
218	80	71	70	1450
219	84	49	50	850
220	74	50	75	1260
221	68	97	185	6820
222	1	47	175	4550
223	103	85	215	6360
224	44	11	220	7420
225	94	117	230	7480
