200	10	5	500	3000	0	0	0	
0	2147.51	0	1
1	63	52	17
2	72	72	49
3	65	79	42
4	50	83	19
5	67	64	47
6	81	42	65
7	54	78	28
8	48	38	56
9	48	56	18
10	57	76	34
11	57	80	60
12	60	81	65
13	59	55	57
14	35	59	70
15	57	53	95
16	40	55	39
17	72	46	51
18	84	67	48
19	69	37	6
20	40	61	74
21	61	66	23
22	50	44	84
23	67	47	53
24	52	78	91
25	69	41	58
26	43	67	90
27	43	49	36
28	71	80	92
29	64	83	55
30	76	41	46
31	47	68	16
32	68	41	35
33	73	48	85
34	46	39	82
35	47	68	13
36	61	78	31
37	72	42	59
38	54	35	37
39	51	71	20
40	71	74	59
41	68	43	55
42	76	39	59
43	81	81	96
44	45	58	1
45	40	52	35
46	65	37	32
47	48	49	96
48	84	54	68
49	78	75	89
50	46	44	83
51	62	49	4
52	58	36	67
53	52	64	33
54	45	60	66
55	75	76	11
56	59	69	34
57	80	59	5
58	57	66	63
59	46	60	29
60	50	42	7
61	81	53	80
62	45	70	11
63	71	52	62
64	79	81	64
65	52	39	66
66	70	50	87
67	73	72	27
68	63	82	85
69	73	50	67
70	55	72	64
71	38	66	52
72	56	58	83
73	53	51	6
74	78	46	72
75	47	82	54
76	63	43	43
77	65	40	91
78	84	77	57
79	39	52	3
80	50	43	30
81	80	39	97
82	39	65	19
83	52	35	80
84	82	77	95
85	43	53	70
86	41	50	63
87	78	63	54
88	77	54	55
89	64	39	4
90	65	71	88
91	39	49	57
92	59	67	44
93	64	74	17
94	75	35	30
95	52	42	8
96	42	64	48
97	37	54	74
98	59	48	81
99	54	41	49
100	44	69	3
101	78	53	70
102	76	70	19
103	48	55	46
104	58	62	62
105	40	48	21
106	74	48	39
107	43	63	29
108	57	43	33
109	66	70	97
110	73	73	55
111	56	76	5
112	42	44	62
113	56	39	38
114	61	79	46
115	36	39	37
116	47	58	94
117	70	58	54
118	47	71	98
119	80	84	15
120	49	42	75
121	76	50	1
122	84	63	59
123	67	67	1
124	66	84	9
125	45	36	4
126	43	47	16
127	63	60	98
128	75	73	64
129	47	69	16
130	43	82	35
131	73	67	13
132	44	63	30
133	53	40	6
134	45	78	73
135	57	44	40
136	58	81	6
137	52	58	40
138	41	54	81
139	73	43	82
140	73	59	36
141	78	70	66
142	51	53	39
143	68	49	7
144	43	51	82
145	66	80	60
146	71	40	13
147	81	47	39
148	44	46	26
149	77	83	43
150	61	66	97
151	81	76	37
152	44	61	94
153	54	68	32
154	49	79	23
155	47	52	3
156	43	65	31
157	65	53	23
158	62	50	81
159	70	40	96
160	73	59	69
161	35	65	86
162	64	62	71
163	83	79	16
164	52	78	43
165	73	76	55
166	80	81	5
167	39	54	87
168	63	78	2
169	42	55	96
170	69	82	73
171	65	81	42
172	57	39	49
173	46	42	49
174	79	76	22
175	40	64	26
176	59	76	87
177	56	66	7
178	44	59	18
179	76	83	17
180	63	57	78
181	69	56	38
182	72	59	88
183	76	41	81
184	59	61	90
185	70	66	24
186	57	64	81
187	66	82	73
188	62	81	71
189	72	67	98
190	37	70	42
191	37	82	78
192	57	47	99
193	36	72	72
194	79	55	65
195	56	45	23
196	60	77	46
197	68	54	37
198	39	44	92
199	61	70	56
200	58	40	17
201	50	88	75	1340
202	33	68	75	1330
203	87	54	65	1240
204	59	30	55	1240
205	32	88	40	770
206	50	53	45	920
207	69	61	60	1080
208	58	80	60	1060
209	56	41	65	1150
210	40	39	70	1320
211	50	113	160	4350
212	24	74	180	4200
213	101	35	180	5420
214	46	18	215	7140
215	5	5	180	4840
