25	8	3	200	800	0	0	0	
0	979.62	0	1
1	83	38	91
2	53	75	79
3	36	45	22
4	39	40	37
5	37	80	29
6	70	71	49
7	55	78	49
8	58	50	4
9	36	79	50
10	70	38	58
11	52	44	19
12	40	38	64
13	46	54	41
14	40	54	53
15	74	49	69
16	66	83	9
17	63	71	47
18	76	53	81
19	41	46	55
20	47	47	98
21	84	81	33
22	36	35	98
23	58	82	56
24	48	83	27
25	59	45	77
26	72	89	50	360
27	31	41	45	360
28	99	52	65	450
29	52	21	55	490
30	52	70	45	300
31	50	36	75	540
32	69	74	50	330
33	60	64	65	470
34	38	110	130	1090
35	9	93	115	1220
36	55	5	110	1120
