25	10	2	200	800	0	0	0	
0	961.59	0	1
1	49	71	64
2	85	55	37
3	64	49	75
4	53	80	82
5	73	60	72
6	38	74	22
7	67	54	52
8	59	54	66
9	43	51	94
10	49	41	75
11	68	79	71
12	48	67	31
13	57	63	9
14	53	58	100
15	81	50	71
16	57	63	85
17	71	73	48
18	55	69	56
19	70	68	52
20	53	54	98
21	37	54	59
22	70	76	26
23	56	85	65
24	56	48	47
25	58	59	47
26	59	86	50	390
27	31	51	45	370
28	86	76	70	600
29	42	24	45	330
30	91	97	60	420
31	67	61	45	300
32	63	49	60	500
33	39	39	70	590
34	63	57	40	390
35	62	79	70	570
36	18	29	115	1160
37	60	6	190	1504
