25	10	4	200	800	0	0	0	
0	1125.56	0	1
1	96	31	30
2	63	43	86
3	34	63	89
4	48	77	37
5	43	85	61
6	27	33	97
7	94	31	43
8	78	30	15
9	79	78	95
10	84	30	25
11	86	42	70
12	64	51	97
13	99	66	19
14	35	90	46
15	37	99	69
16	63	42	41
17	81	51	2
18	46	81	76
19	40	81	42
20	84	86	42
21	38	42	94
22	99	84	52
23	96	37	2
24	80	68	64
25	34	56	87
26	22	101	55	460
27	17	23	40	380
28	106	75	70	560
29	77	15	50	370
30	105	15	75	510
31	78	78	55	440
32	81	29	75	600
33	70	35	55	470
34	39	95	50	360
35	74	61	75	580
36	42	117	170	1381
37	5	93	195	1381
38	117	85	175	1381
39	46	8	170	1381
