50	10	5	200	1500	0	0	0	
0	1256.44	0	1
1	69	76	64
2	50	59	49
3	84	36	71
4	53	54	62
5	76	60	1
6	46	83	31
7	74	38	70
8	74	71	31
9	64	72	79
10	35	51	79
11	57	76	92
12	59	79	34
13	78	53	69
14	59	69	12
15	73	57	71
16	71	70	18
17	60	73	21
18	69	84	92
19	70	79	41
20	57	83	48
21	47	39	49
22	39	60	98
23	80	38	8
24	39	84	88
25	75	67	22
26	82	38	11
27	39	63	19
28	53	68	83
29	74	60	58
30	40	51	64
31	44	48	81
32	66	38	91
33	84	78	33
34	80	38	97
35	43	62	29
36	64	36	44
37	43	44	79
38	75	39	12
39	57	83	81
40	62	61	66
41	64	81	92
42	48	62	17
43	43	61	99
44	65	36	47
45	54	71	31
46	60	51	52
47	74	56	73
48	81	44	95
49	49	79	5
50	74	52	49
51	61	89	70	900
52	32	40	40	600
53	87	43	40	610
54	79	32	75	840
55	33	88	70	990
56	45	71	60	820
57	53	69	55	720
58	70	57	65	770
59	75	79	45	590
60	69	80	75	910
61	50	105	230	2400
62	2	71	230	2440
63	93	49	160	1570
64	60	28	160	1780
65	10	108	195	1880
