50	8	5	200	1500	0	0	0	
0	1121.13	0	1
1	62	82	6
2	82	83	17
3	36	71	52
4	78	84	66
5	54	73	19
6	41	65	67
7	37	73	3
8	65	53	13
9	65	35	42
10	55	43	66
11	57	41	94
12	44	49	47
13	39	62	25
14	57	71	12
15	53	72	36
16	60	80	92
17	57	39	21
18	48	81	40
19	83	77	37
20	80	82	84
21	71	71	4
22	38	52	5
23	78	61	92
24	81	84	99
25	57	83	44
26	54	72	76
27	36	84	21
28	61	38	34
29	39	73	4
30	70	51	50
31	57	39	56
32	77	80	63
33	45	52	51
34	46	49	8
35	46	68	97
36	79	35	43
37	48	61	70
38	84	43	34
39	75	72	37
40	45	46	91
41	39	50	70
42	42	83	32
43	59	78	68
44	83	75	4
45	44	49	33
46	64	44	39
47	74	84	85
48	52	63	36
49	49	81	49
50	62	78	83
51	65	87	70	970
52	31	62	55	820
53	88	39	50	550
54	44	32	70	980
55	84	51	75	990
56	80	75	40	560
57	81	64	55	710
58	50	49	40	610
59	80	118	230	2270
60	18	51	160	1790
61	93	61	225	2317
62	76	2	205	2040
63	114	98	175	1720
