75	10	5	200	1500	0	0	0	
0	1691.15	0	1
1	66	37	12
2	59	54	88
3	62	51	37
4	60	69	64
5	82	54	93
6	57	69	27
7	82	48	4
8	57	74	82
9	76	37	43
10	58	55	4
11	59	50	15
12	71	52	88
13	35	43	54
14	40	44	38
15	65	74	33
16	78	52	20
17	49	48	48
18	82	48	46
19	74	79	83
20	45	77	88
21	77	71	19
22	64	39	84
23	42	35	21
24	58	44	60
25	75	42	96
26	42	64	98
27	84	38	25
28	39	38	4
29	70	72	35
30	39	84	32
31	48	77	82
32	46	43	88
33	52	36	84
34	41	54	81
35	74	44	24
36	84	61	60
37	58	77	72
38	68	84	63
39	46	43	60
40	76	45	45
41	56	48	22
42	40	53	67
43	49	82	90
44	58	42	33
45	66	44	52
46	64	68	59
47	61	71	32
48	65	51	86
49	40	51	90
50	75	76	22
51	35	50	40
52	59	65	17
53	45	46	27
54	73	83	85
55	45	55	69
56	68	58	76
57	58	42	57
58	84	42	45
59	61	77	39
60	42	56	19
61	84	59	31
62	49	51	99
63	71	51	65
64	39	72	70
65	79	56	57
66	36	81	33
67	67	82	13
68	55	68	53
69	67	64	90
70	37	72	61
71	62	50	26
72	47	61	25
73	75	48	34
74	69	71	51
75	51	49	14
76	82	86	70	840
77	30	49	40	560
78	87	62	70	840
79	72	30	60	790
80	32	30	60	700
81	42	43	65	780
82	71	66	70	970
83	41	79	75	920
84	58	43	50	570
85	71	36	65	730
86	65	114	245	2310
87	13	56	185	2050
88	102	35	225	2470
89	44	19	160	1530
90	21	19	225	2280
