75	15	5	200	1500	0	0	0	
0	1742.25	0	1
1	66	60	72
2	54	59	11
3	47	46	76
4	54	46	78
5	77	79	1
6	56	43	62
7	67	60	57
8	66	61	65
9	49	58	76
10	72	60	49
11	76	40	51
12	74	62	76
13	55	72	79
14	45	65	9
15	48	61	98
16	51	58	36
17	67	61	26
18	59	71	39
19	46	67	61
20	45	48	34
21	52	43	44
22	79	64	40
23	62	41	74
24	78	72	57
25	69	40	33
26	50	72	59
27	37	38	45
28	63	47	98
29	52	63	8
30	83	82	4
31	39	46	61
32	57	61	47
33	63	61	40
34	69	45	58
35	82	82	29
36	76	60	7
37	65	66	15
38	64	69	58
39	53	82	86
40	46	46	27
41	62	59	89
42	67	82	65
43	51	54	4
44	66	83	14
45	80	75	95
46	36	65	90
47	39	47	40
48	45	76	99
49	56	68	57
50	78	38	14
51	62	47	54
52	53	61	30
53	56	80	75
54	47	59	47
55	47	71	37
56	46	80	53
57	71	49	45
58	78	52	80
59	74	54	64
60	45	80	75
61	44	79	54
62	67	35	76
63	83	58	47
64	40	50	64
65	51	38	41
66	45	60	33
67	68	44	69
68	45	44	47
69	41	70	44
70	78	42	88
71	67	41	88
72	76	53	22
73	78	36	37
74	82	81	93
75	46	45	89
76	68	87	70	870
77	32	53	40	580
78	86	82	70	890
79	87	68	60	800
80	89	74	75	880
81	86	67	40	620
82	79	30	45	580
83	87	87	75	870
84	75	80	50	550
85	80	39	55	830
86	71	45	70	890
87	60	73	70	900
88	55	76	55	830
89	66	37	60	720
90	36	64	55	770
91	45	92	210	1920
92	17	84	155	1780
93	115	66	150	1740
94	65	6	245	2360
95	8	116	235	2180
