150	10	5	500	3000	0	0	0	
0	1274.44	0	1
1	42	77	66
2	71	59	34
3	84	44	20
4	53	77	13
5	77	64	24
6	81	49	14
7	52	74	59
8	70	47	23
9	69	53	66
10	77	60	25
11	61	43	62
12	78	66	8
13	73	44	34
14	40	36	27
15	60	73	3
16	43	79	68
17	43	58	58
18	62	65	47
19	64	42	72
20	83	56	53
21	37	61	30
22	76	77	9
23	36	55	31
24	35	79	21
25	56	45	18
26	39	41	63
27	75	39	51
28	43	35	70
29	52	43	72
30	45	67	16
31	51	67	3
32	48	78	8
33	78	75	54
34	35	69	36
35	80	43	24
36	67	43	3
37	68	48	23
38	40	40	54
39	77	71	5
40	54	56	43
41	69	63	29
42	57	51	18
43	38	75	55
44	68	72	4
45	58	43	74
46	62	69	67
47	76	49	60
48	43	56	70
49	77	42	45
50	55	58	31
51	81	66	10
52	39	76	54
53	57	44	6
54	35	57	73
55	62	54	22
56	71	63	31
57	70	71	11
58	51	54	21
59	46	74	37
60	83	78	21
61	82	51	26
62	39	46	20
63	48	75	42
64	78	76	5
65	41	61	1
66	71	53	57
67	81	40	51
68	58	56	33
69	80	55	45
70	43	73	20
71	72	54	39
72	52	55	64
73	54	45	57
74	77	58	6
75	45	67	10
76	67	52	40
77	62	83	23
78	45	39	71
79	56	65	38
80	51	53	65
81	61	65	50
82	66	78	46
83	75	44	11
84	59	72	59
85	67	66	73
86	68	79	15
87	48	37	27
88	37	75	45
89	62	61	22
90	68	84	69
91	47	83	65
92	42	61	47
93	53	54	10
94	65	45	21
95	38	50	18
96	54	76	27
97	36	63	61
98	50	82	56
99	60	56	64
100	40	63	17
101	75	36	67
102	74	82	40
103	64	74	72
104	79	77	66
105	56	45	72
106	81	35	20
107	52	44	24
108	69	60	8
109	43	76	22
110	41	82	10
111	45	67	8
112	63	77	1
113	40	81	41
114	50	52	33
115	52	41	62
116	59	41	67
117	56	42	1
118	81	69	1
119	44	36	37
120	40	36	31
121	80	62	44
122	40	66	36
123	61	59	68
124	40	59	14
125	76	51	71
126	68	64	63
127	65	47	45
128	84	46	49
129	47	60	15
130	58	37	30
131	58	50	1
132	77	58	39
133	75	70	23
134	58	83	20
135	80	42	28
136	81	76	12
137	37	62	66
138	77	47	59
139	50	69	17
140	70	44	42
141	67	64	21
142	38	66	6
143	36	66	54
144	48	56	30
145	42	45	52
146	74	63	46
147	41	60	51
148	53	75	22
149	75	62	35
150	67	36	51
151	49	47	70	1430
152	72	74	40	1110
153	81	70	55	1200
154	37	57	50	1070
155	72	59	50	1020
156	45	80	40	1070
157	39	52	60	1280
158	43	77	65	1240
159	66	59	55	1290
160	73	48	40	1100
161	40	97	230	5458
162	25	67	220	5440
163	93	85	185	4790
164	62	0	205	4740
165	14	112	170	4440
