100	20	5	200	3000	0	0	0	
0	2035.37	0	1
1	41	44	94
2	55	68	74
3	77	60	24
4	55	80	55
5	36	53	70
6	40	36	11
7	38	84	17
8	52	68	39
9	74	56	79
10	83	79	29
11	66	73	23
12	60	42	97
13	44	62	77
14	72	54	45
15	84	36	69
16	59	81	20
17	79	74	35
18	83	60	36
19	77	46	18
20	75	73	5
21	82	77	71
22	73	78	26
23	81	52	51
24	39	74	74
25	52	78	29
26	71	36	59
27	39	74	34
28	53	78	43
29	73	56	33
30	71	70	19
31	44	49	87
32	54	77	57
33	53	74	38
34	64	70	54
35	70	44	27
36	65	47	56
37	61	59	4
38	63	63	57
39	69	55	17
40	47	47	82
41	80	52	2
42	39	76	81
43	66	63	75
44	44	63	71
45	39	42	95
46	44	84	25
47	53	52	96
48	41	42	66
49	61	73	94
50	75	40	71
51	46	76	3
52	71	46	75
53	44	41	24
54	62	79	15
55	65	63	24
56	55	55	31
57	46	37	13
58	77	53	62
59	52	61	94
60	35	73	50
61	54	76	45
62	58	42	38
63	77	56	65
64	62	51	72
65	55	36	67
66	82	38	87
67	60	57	38
68	80	38	68
69	38	46	8
70	40	52	99
71	50	45	98
72	74	65	88
73	39	36	94
74	47	44	41
75	41	70	72
76	79	81	57
77	70	51	23
78	83	70	40
79	73	55	70
80	54	50	71
81	37	37	77
82	63	46	92
83	82	66	50
84	39	64	18
85	37	45	38
86	62	35	35
87	65	35	63
88	70	38	61
89	46	71	81
90	58	41	69
91	63	38	11
92	45	55	16
93	69	71	25
94	67	72	59
95	78	42	77
96	65	51	63
97	47	74	95
98	74	62	5
99	38	61	70
100	73	76	23
101	61	77	70	890
102	58	65	75	880
103	37	40	55	680
104	74	81	60	740
105	53	49	50	510
106	49	61	45	590
107	44	40	45	540
108	62	48	65	740
109	44	80	60	740
110	56	37	40	550
111	72	45	70	910
112	78	44	50	600
113	67	60	40	630
114	50	78	45	520
115	39	49	50	540
116	42	83	70	860
117	53	71	55	670
118	40	67	40	510
119	51	47	50	520
120	82	65	70	960
121	86	106	240	2190
122	0	82	235	2410
123	94	65	195	2130
124	73	1	185	2160
125	0	13	245	2480
