150	20	5	500	3000	0	0	0	
0	1235.86	0	1
1	42	35	51
2	60	54	63
3	36	70	10
4	62	55	23
5	36	63	49
6	45	37	45
7	68	84	66
8	64	74	48
9	36	56	50
10	65	59	32
11	46	57	17
12	56	36	19
13	71	77	55
14	48	66	34
15	59	77	50
16	36	54	6
17	40	80	54
18	57	70	33
19	84	67	39
20	55	59	9
21	66	52	49
22	83	80	3
23	69	63	3
24	77	64	73
25	81	50	49
26	53	68	48
27	76	43	19
28	66	62	49
29	36	53	18
30	69	48	38
31	81	68	73
32	61	64	6
33	74	53	21
34	73	66	16
35	73	66	64
36	77	79	15
37	46	41	8
38	58	76	73
39	69	48	13
40	68	77	11
41	55	71	24
42	57	46	14
43	71	74	72
44	52	45	63
45	77	45	49
46	44	74	21
47	80	52	40
48	41	63	8
49	69	66	33
50	65	57	44
51	54	61	42
52	56	75	25
53	39	52	9
54	51	38	27
55	71	54	1
56	35	84	57
57	65	41	22
58	60	76	13
59	79	52	20
60	65	79	48
61	49	47	53
62	62	77	29
63	51	74	25
64	36	36	5
65	48	41	60
66	70	61	54
67	73	67	56
68	56	49	74
69	55	68	74
70	66	57	29
71	82	82	3
72	69	82	6
73	35	74	41
74	84	71	10
75	38	59	19
76	75	44	57
77	75	51	18
78	47	42	39
79	36	74	40
80	83	39	42
81	71	76	19
82	75	43	65
83	59	40	17
84	46	83	55
85	41	55	5
86	50	47	1
87	57	41	25
88	71	83	15
89	50	46	29
90	61	63	27
91	70	79	7
92	44	47	14
93	40	66	4
94	75	47	51
95	76	59	26
96	65	43	25
97	37	68	68
98	38	61	54
99	74	44	17
100	71	84	39
101	78	82	45
102	61	38	13
103	42	66	30
104	71	65	39
105	54	63	16
106	53	48	24
107	74	61	67
108	43	70	38
109	83	36	62
110	42	58	49
111	48	69	62
112	76	76	41
113	69	76	73
114	53	62	61
115	55	69	33
116	70	79	14
117	75	37	50
118	39	66	22
119	69	84	12
120	47	58	10
121	40	84	33
122	68	79	73
123	73	42	43
124	68	59	26
125	40	59	74
126	83	72	23
127	60	51	68
128	47	72	21
129	65	47	43
130	73	68	69
131	55	52	56
132	43	61	54
133	59	46	1
134	70	75	43
135	49	39	51
136	45	44	12
137	44	83	32
138	82	63	16
139	50	62	54
140	66	74	53
141	42	59	43
142	43	62	2
143	48	72	9
144	55	58	59
145	38	77	52
146	74	79	29
147	39	44	15
148	71	76	55
149	72	45	67
150	61	53	32
151	64	51	55	1270
152	76	51	40	1130
153	68	41	65	1170
154	60	37	75	1460
155	65	42	70	1420
156	39	71	70	1410
157	74	42	75	1440
158	56	36	50	1070
159	75	53	40	1110
160	81	58	75	1380
161	44	35	55	1170
162	39	58	40	1140
163	40	77	45	1150
164	57	70	40	1120
165	80	84	70	1440
166	47	62	45	1020
167	46	48	70	1360
168	70	77	45	1100
169	37	56	65	1200
170	51	75	65	1250
171	46	110	165	4650
172	14	45	150	4530
173	103	73	245	5300
174	50	18	160	4650
175	7	114	205	5140
