100	10	5	200	1500	0	0	0	
0	2178.35	0	1
1	39	79	83
2	69	73	94
3	57	58	74
4	66	38	20
5	55	64	65
6	41	69	60
7	70	58	63
8	81	80	38
9	48	69	67
10	73	60	41
11	39	85	96
12	75	39	36
13	37	47	86
14	83	79	64
15	68	55	89
16	52	82	73
17	71	73	81
18	73	67	37
19	83	71	45
20	68	42	3
21	74	80	87
22	83	56	5
23	80	69	33
24	72	39	67
25	57	39	83
26	53	79	37
27	45	43	16
28	39	68	28
29	62	54	37
30	76	43	91
31	52	67	38
32	53	45	15
33	77	78	77
34	59	52	47
35	55	82	70
36	59	47	24
37	42	61	8
38	71	53	56
39	57	71	46
40	84	53	13
41	46	44	18
42	44	79	15
43	43	56	67
44	38	62	39
45	60	54	8
46	54	35	90
47	35	81	16
48	71	40	99
49	81	73	74
50	65	40	20
51	42	54	61
52	75	82	93
53	65	68	82
54	37	63	98
55	62	74	91
56	63	43	92
57	82	79	65
58	44	35	87
59	74	73	55
60	73	61	23
61	78	38	75
62	67	58	62
63	53	35	47
64	53	37	47
65	52	56	44
66	76	48	10
67	70	69	24
68	63	38	50
69	58	82	47
70	45	41	21
71	46	67	83
72	69	43	24
73	39	35	57
74	49	38	74
75	70	57	93
76	76	50	51
77	82	37	66
78	44	71	57
79	65	41	96
80	81	57	70
81	69	45	61
82	69	69	19
83	49	72	89
84	78	38	47
85	67	48	51
86	38	57	7
87	69	61	99
88	63	76	12
89	57	39	1
90	41	63	82
91	81	81	43
92	58	80	3
93	74	70	88
94	38	61	64
95	75	83	14
96	60	40	61
97	44	64	48
98	57	40	84
99	83	61	60
100	75	53	37
101	84	70	40	510
102	37	35	65	750
103	48	57	60	830
104	75	83	45	630
105	67	49	60	680
106	74	70	70	960
107	64	43	55	820
108	67	55	50	540
109	60	59	75	920
110	44	62	70	890
111	79	108	185	1900
112	21	55	200	2100
113	118	73	190	1950
114	41	8	240	2270
115	104	98	180	1580
