25	10	4	200	800	0	0	0	
0	1057.63	0	1
1	75	42	88
2	107	54	61
3	114	58	9
4	38	26	31
5	110	119	18
6	56	43	73
7	81	64	20
8	76	33	33
9	98	110	37
10	70	22	56
11	100	101	40
12	95	99	36
13	55	53	30
14	63	120	10
15	118	56	39
16	105	115	24
17	103	118	28
18	34	109	22
19	32	104	19
20	98	54	71
21	99	100	85
22	52	31	100
23	73	41	1
24	90	45	8
25	21	89	9
26	24	56	70	440
27	104	86	45	330
28	38	34	40	310
29	40	95	70	580
30	31	100	50	360
31	45	32	40	340
32	113	116	70	550
33	57	48	65	430
34	117	86	55	420
35	56	84	45	380
36	111	133	115	948
37	1	87	100	948
38	132	56	175	948
39	111	8	150	948
