25	10	2	200	800	0	0	0	
0	834.23	0	1
1	46	49	82
2	65	56	75
3	55	51	72
4	47	76	19
5	52	51	79
6	43	45	32
7	63	82	45
8	51	83	39
9	69	43	46
10	42	45	60
11	53	42	50
12	78	78	61
13	48	51	8
14	36	76	10
15	65	72	21
16	47	45	8
17	48	43	53
18	59	59	60
19	42	43	40
20	57	62	21
21	35	79	73
22	42	40	53
23	41	55	83
24	76	36	93
25	58	55	99
26	43	77	65	430
27	76	67	45	390
28	51	66	75	560
29	74	53	70	540
30	47	49	65	480
31	42	53	75	510
32	76	66	75	560
33	76	54	65	480
34	70	67	65	420
35	75	78	40	310
36	16	37	155	1282
37	83	10	160	1282
