20	10	4	200	800	0	0	0	
0	1190.95	0	1
1	117	25	79
2	47	98	91
3	31	57	73
4	119	102	73
5	84	21	46
6	33	115	73
7	51	36	16
8	22	49	66
9	95	92	94
10	44	69	28
11	27	49	47
12	92	60	97
13	52	83	34
14	85	111	76
15	48	25	69
16	66	106	46
17	38	116	70
18	86	66	68
19	115	87	71
20	99	94	99
21	82	35	70	650
22	108	100	50	540
23	106	89	70	510
24	102	22	75	490
25	76	56	75	590
26	45	102	40	360
27	43	54	70	440
28	73	80	75	520
29	81	67	65	490
30	38	69	75	580
31	98	137	165	1316
32	8	94	105	1316
33	138	15	100	1120
34	92	6	125	1180
