200	20	5	500	3000	0	0	0	
0	2531.21	0	1
1	56	64	94
2	43	83	56
3	79	73	44
4	42	63	23
5	60	60	55
6	84	47	26
7	72	63	28
8	82	45	39
9	38	54	5
10	73	41	94
11	81	39	83
12	72	51	48
13	43	79	36
14	53	63	64
15	83	37	6
16	66	63	62
17	67	49	6
18	69	57	13
19	73	75	34
20	55	77	36
21	63	76	30
22	66	54	42
23	47	39	83
24	69	72	22
25	74	40	50
26	42	69	72
27	40	62	61
28	44	79	68
29	60	44	14
30	57	35	18
31	70	38	69
32	60	75	26
33	51	44	18
34	74	74	76
35	80	35	35
36	42	71	13
37	77	67	71
38	52	67	75
39	42	43	77
40	53	76	5
41	38	80	7
42	76	82	85
43	43	41	40
44	37	53	9
45	79	74	1
46	63	84	72
47	83	47	3
48	47	46	78
49	73	44	48
50	59	65	83
51	65	60	7
52	51	42	22
53	78	64	31
54	61	79	39
55	78	39	2
56	55	56	89
57	36	44	34
58	56	71	22
59	73	72	51
60	39	50	54
61	56	67	55
62	80	36	50
63	83	59	94
64	53	61	99
65	64	37	51
66	62	38	11
67	80	40	26
68	52	71	22
69	60	43	72
70	49	82	48
71	76	83	65
72	74	84	46
73	62	79	29
74	62	72	81
75	51	41	88
76	45	78	93
77	35	51	42
78	61	37	41
79	76	77	93
80	67	73	63
81	71	73	8
82	35	71	11
83	63	62	75
84	56	69	93
85	79	52	56
86	70	65	52
87	53	51	79
88	54	45	60
89	48	81	8
90	45	65	6
91	79	41	96
92	74	75	62
93	43	54	17
94	69	49	40
95	61	77	96
96	55	50	71
97	45	84	16
98	58	56	52
99	77	81	34
100	82	70	84
101	44	72	31
102	52	51	76
103	63	52	46
104	52	84	60
105	51	60	91
106	43	66	24
107	82	46	59
108	38	44	77
109	83	78	16
110	50	45	87
111	72	81	32
112	82	62	92
113	37	51	72
114	56	43	56
115	59	40	60
116	79	73	42
117	64	37	18
118	60	47	59
119	43	49	45
120	59	46	63
121	53	60	2
122	50	70	83
123	55	70	82
124	62	53	76
125	79	61	43
126	45	51	3
127	73	73	55
128	82	80	99
129	42	74	65
130	72	84	34
131	58	84	81
132	38	38	52
133	40	56	99
134	70	82	84
135	56	79	24
136	67	76	9
137	50	78	40
138	37	47	92
139	53	46	87
140	51	79	53
141	71	47	56
142	66	39	22
143	48	69	26
144	70	67	7
145	45	39	58
146	84	77	24
147	35	36	83
148	71	80	76
149	58	80	7
150	83	57	28
151	84	66	81
152	35	56	94
153	47	82	78
154	68	82	56
155	36	39	94
156	61	48	96
157	54	61	56
158	61	71	39
159	51	37	5
160	71	75	8
161	59	39	78
162	73	57	30
163	50	58	92
164	71	60	90
165	36	71	8
166	46	35	85
167	72	49	59
168	66	52	19
169	54	82	48
170	70	73	11
171	67	65	11
172	66	80	28
173	76	68	74
174	80	46	40
175	43	62	34
176	79	84	13
177	74	41	7
178	42	43	58
179	62	75	70
180	83	82	21
181	63	68	93
182	72	83	18
183	74	42	25
184	66	60	15
185	77	45	25
186	53	73	66
187	47	62	21
188	75	35	39
189	81	51	59
190	51	39	44
191	42	68	30
192	82	50	86
193	48	56	63
194	37	83	55
195	68	43	94
196	77	35	82
197	46	60	65
198	55	71	83
199	43	57	63
200	69	43	85
201	61	68	40	880
202	69	77	70	1440
203	65	60	55	1110
204	55	53	65	1160
205	59	39	40	930
206	37	35	60	1180
207	46	50	50	890
208	47	61	50	960
209	78	71	70	1400
210	76	63	75	1350
211	67	54	55	1150
212	81	40	45	950
213	62	36	55	1250
214	51	82	50	930
215	56	51	45	920
216	60	37	75	1290
217	64	57	70	1460
218	81	57	55	1030
219	41	65	65	1060
220	78	79	75	1430
221	68	104	235	2920
222	10	56	210	2350
223	118	54	240	2960
224	37	26	235	2740
225	21	20	195	2480
