25	10	3	200	800	0	0	0	
0	820.12	0	1
1	49	49	11
2	81	46	58
3	74	41	55
4	70	35	29
5	44	69	32
6	49	82	15
7	46	75	26
8	45	53	30
9	69	55	91
10	69	45	22
11	74	71	91
12	65	83	48
13	41	85	96
14	58	83	100
15	37	56	16
16	50	76	71
17	46	63	13
18	46	76	17
19	42	80	74
20	73	46	81
21	73	85	96
22	74	85	23
23	76	63	16
24	39	41	76
25	70	41	33
26	71	70	70	600
27	80	41	75	580
28	45	70	40	320
29	56	39	75	550
30	37	65	60	490
31	46	85	70	540
32	85	77	50	380
33	76	40	70	550
34	83	40	40	390
35	41	77	70	570
36	53	107	180	1220
37	4	62	115	1130
38	112	62	110	1210
