25	8	3	200	800	0	0	0	
0	774.36	0	1
1	70	64	79
2	55	68	11
3	68	54	93
4	47	67	20
5	67	38	62
6	77	68	42
7	44	44	98
8	61	48	57
9	66	59	1
10	77	81	38
11	82	52	33
12	54	51	90
13	50	84	79
14	60	38	44
15	39	47	59
16	53	39	1
17	79	79	42
18	74	69	4
19	85	57	48
20	80	81	19
21	43	42	68
22	41	43	87
23	69	83	22
24	77	37	67
25	63	67	35
26	47	43	55	500
27	40	81	70	560
28	78	50	70	560
29	50	63	40	310
30	43	65	75	540
31	63	58	75	530
32	83	58	60	440
33	54	46	50	370
34	16	62	170	1199
35	102	50	140	1199
36	84	3	140	1199
