200	10	5	500	3000	0	0	0	
0	1766.46	0	1
1	62	56	24
2	41	69	20
3	64	50	1
4	35	38	20
5	54	81	48
6	72	72	15
7	75	66	66
8	65	71	29
9	83	44	33
10	38	36	2
11	61	75	24
12	37	81	21
13	38	39	58
14	58	55	73
15	51	74	8
16	35	75	10
17	60	54	67
18	74	81	15
19	45	83	28
20	55	43	41
21	80	61	44
22	45	39	13
23	58	50	66
24	58	57	38
25	45	64	16
26	35	50	58
27	46	77	67
28	80	62	38
29	62	66	35
30	40	45	58
31	41	57	15
32	70	84	21
33	63	81	61
34	75	61	45
35	55	46	19
36	63	71	71
37	43	38	43
38	47	39	26
39	50	57	65
40	73	46	72
41	52	82	39
42	56	47	48
43	74	44	37
44	51	41	44
45	78	35	20
46	40	54	40
47	49	76	26
48	45	45	25
49	54	43	73
50	59	62	65
51	82	51	50
52	62	75	18
53	35	76	58
54	74	67	26
55	77	63	28
56	67	53	20
57	62	37	36
58	84	35	63
59	53	71	4
60	73	65	47
61	74	64	70
62	66	39	2
63	75	75	70
64	41	62	40
65	76	75	50
66	78	83	67
67	81	56	50
68	61	46	69
69	79	39	3
70	74	54	34
71	63	38	25
72	84	45	73
73	63	75	42
74	46	35	64
75	58	63	65
76	58	65	54
77	44	60	62
78	39	69	27
79	71	51	17
80	56	82	34
81	73	56	38
82	41	55	41
83	66	41	7
84	44	54	57
85	72	70	51
86	70	66	72
87	83	61	1
88	68	76	21
89	66	74	35
90	36	75	56
91	67	52	43
92	74	51	22
93	75	42	58
94	59	67	28
95	80	74	15
96	74	42	29
97	35	78	20
98	79	36	72
99	56	72	38
100	83	44	72
101	82	54	36
102	73	45	42
103	48	44	66
104	38	38	10
105	49	59	2
106	78	81	45
107	63	70	70
108	68	53	37
109	50	53	67
110	80	54	72
111	82	50	37
112	37	61	48
113	40	68	57
114	67	58	74
115	68	73	9
116	63	81	55
117	38	38	31
118	57	53	54
119	54	46	36
120	49	50	61
121	52	73	3
122	51	76	64
123	70	62	56
124	81	65	45
125	82	36	40
126	74	45	39
127	37	46	19
128	61	84	2
129	49	50	57
130	40	69	39
131	60	43	41
132	48	38	37
133	77	51	49
134	71	67	6
135	77	43	18
136	69	55	19
137	70	45	12
138	54	67	52
139	53	59	54
140	66	41	27
141	65	48	9
142	51	39	19
143	82	54	74
144	55	76	10
145	51	73	60
146	65	74	66
147	75	75	59
148	51	48	30
149	83	70	26
150	66	71	58
151	60	50	35
152	43	63	25
153	44	55	60
154	74	46	33
155	57	48	27
156	62	39	28
157	63	80	3
158	77	67	44
159	68	64	34
160	40	63	58
161	53	71	9
162	57	84	16
163	36	77	6
164	51	39	44
165	38	42	41
166	54	51	64
167	63	35	8
168	60	42	27
169	61	60	72
170	58	77	65
171	56	35	59
172	55	58	34
173	58	76	35
174	45	83	40
175	62	79	41
176	70	80	26
177	80	37	35
178	48	55	60
179	37	35	52
180	62	36	50
181	58	50	9
182	36	40	48
183	56	41	52
184	78	68	30
185	42	56	13
186	79	45	50
187	40	69	53
188	56	44	4
189	39	51	27
190	40	56	6
191	84	35	11
192	45	64	13
193	60	41	4
194	57	35	41
195	41	38	70
196	53	47	74
197	43	84	37
198	64	58	9
199	58	54	16
200	35	60	47
201	37	53	45	1030
202	46	69	60	1240
203	57	48	75	1360
204	54	40	70	1430
205	59	36	70	1400
206	73	64	65	1250
207	63	49	55	1240
208	82	59	40	1120
209	42	68	45	1150
210	75	52	45	1100
211	53	114	170	4280
212	18	84	180	4000
213	119	44	165	4120
214	33	4	225	5910
215	95	94	170	4260
