50	10	5	200	2000	0	0	0	
0	1207.31	0	1
1	75	35	20
2	70	35	72
3	36	49	44
4	45	81	47
5	80	45	70
6	69	75	58
7	40	65	75
8	51	51	39
9	73	48	42
10	74	38	63
11	62	51	91
12	40	82	75
13	35	39	52
14	40	63	18
15	81	78	19
16	47	44	95
17	67	68	58
18	63	75	12
19	74	55	82
20	69	46	25
21	73	66	41
22	62	74	47
23	52	76	8
24	72	71	85
25	64	49	93
26	82	40	13
27	74	73	11
28	35	75	80
29	51	63	4
30	74	68	25
31	45	61	85
32	80	50	17
33	76	43	33
34	51	49	63
35	40	55	18
36	77	47	18
37	68	42	92
38	43	53	38
39	68	36	46
40	62	68	95
41	46	57	3
42	79	75	17
43	49	50	93
44	70	66	31
45	75	64	41
46	74	59	61
47	79	64	85
48	59	48	34
49	40	84	74
50	65	51	86
51	64	88	60	770
52	43	86	55	830
53	33	65	60	820
54	31	58	40	520
55	86	50	45	630
56	89	58	40	500
57	41	31	65	790
58	64	30	60	790
59	87	89	45	520
60	87	86	75	880
61	37	106	155	2494
62	27	43	170	2494
63	112	82	190	2494
64	71	5	225	2494
65	21	3	195	2494
