50	8	5	200	2000	0	0	0	
0	1162.44	0	1
1	74	69	13
2	73	64	58
3	63	53	18
4	82	47	38
5	83	79	65
6	70	43	35
7	50	74	6
8	45	43	83
9	57	50	21
10	65	51	33
11	51	58	1
12	72	43	50
13	72	69	2
14	53	49	4
15	59	36	9
16	48	40	52
17	71	76	40
18	45	60	17
19	75	79	31
20	53	81	61
21	40	68	24
22	35	41	44
23	39	39	71
24	42	36	87
25	52	84	4
26	44	68	39
27	39	73	97
28	52	53	17
29	80	69	54
30	61	36	11
31	67	65	99
32	56	71	44
33	68	60	95
34	66	55	46
35	51	80	48
36	66	64	86
37	79	82	64
38	62	79	8
39	79	76	95
40	82	84	8
41	75	49	25
42	44	56	51
43	47	69	18
44	64	39	44
45	49	61	45
46	43	78	73
47	44	47	47
48	39	65	58
49	63	40	96
50	62	77	58
51	67	89	55	690
52	31	40	75	850
53	33	43	70	920
54	32	57	75	840
55	89	53	60	810
56	87	83	75	850
57	53	30	45	570
58	88	86	75	860
59	73	114	210	2193
60	22	57	150	2193
61	95	81	165	2193
62	76	24	235	2193
63	114	98	150	2193
