75	10	5	200	1500	0	0	0	
0	1721.47	0	1
1	38	37	47
2	66	35	39
3	76	74	65
4	71	62	34
5	63	57	39
6	58	35	97
7	47	68	77
8	62	75	3
9	58	49	68
10	72	40	87
11	36	66	70
12	51	81	80
13	49	77	64
14	61	64	16
15	71	51	87
16	70	64	15
17	55	78	11
18	82	75	49
19	82	61	92
20	37	53	67
21	47	72	91
22	67	76	76
23	35	38	48
24	80	71	25
25	44	42	80
26	79	77	12
27	84	50	89
28	73	41	29
29	35	79	87
30	43	63	32
31	48	76	11
32	50	63	14
33	46	51	92
34	83	48	73
35	76	35	35
36	41	74	22
37	84	53	72
38	81	78	73
39	51	80	93
40	48	49	1
41	59	39	65
42	69	63	6
43	64	61	90
44	44	58	43
45	40	42	69
46	77	50	67
47	44	84	61
48	77	79	85
49	35	35	23
50	58	83	80
51	83	35	7
52	60	49	9
53	49	45	63
54	40	43	68
55	81	73	30
56	68	39	67
57	64	59	10
58	48	73	59
59	68	77	26
60	35	80	97
61	46	48	70
62	36	82	87
63	62	49	77
64	66	53	12
65	66	47	17
66	71	76	41
67	75	49	98
68	58	39	51
69	50	47	25
70	64	77	25
71	84	78	68
72	44	51	86
73	37	67	26
74	83	47	82
75	61	68	17
76	61	62	55	790
77	71	83	60	740
78	37	40	75	890
79	65	66	45	610
80	84	40	50	610
81	39	84	55	820
82	73	57	55	710
83	74	75	70	950
84	74	57	65	760
85	76	69	45	610
86	44	94	190	2010
87	24	74	170	1550
88	107	36	195	1970
89	77	2	170	1810
90	10	100	165	1530
