75	15	5	200	1500	0	0	0	
0	1483.14	0	1
1	39	82	18
2	77	76	22
3	66	58	96
4	51	43	45
5	83	77	92
6	77	40	9
7	76	61	34
8	49	54	58
9	35	82	1
10	83	40	89
11	61	60	57
12	69	50	48
13	56	39	10
14	41	61	53
15	59	59	4
16	78	80	59
17	41	52	94
18	62	75	67
19	38	62	89
20	58	56	41
21	71	83	6
22	59	53	7
23	71	72	67
24	64	41	75
25	46	44	60
26	55	61	44
27	74	42	30
28	58	76	41
29	51	37	29
30	45	78	30
31	49	58	64
32	68	54	10
33	35	77	31
34	48	78	97
35	47	39	8
36	65	83	13
37	80	55	24
38	69	51	42
39	70	64	75
40	42	43	39
41	68	54	92
42	56	51	77
43	54	39	46
44	48	70	34
45	55	54	20
46	37	64	43
47	76	46	69
48	60	47	53
49	61	65	67
50	46	81	58
51	42	38	59
52	42	56	19
53	48	35	16
54	52	49	89
55	52	80	66
56	79	38	68
57	76	72	16
58	83	54	44
59	38	42	71
60	78	60	10
61	75	77	91
62	55	58	36
63	70	50	6
64	83	39	94
65	64	73	47
66	65	38	47
67	43	46	38
68	38	72	23
69	63	72	23
70	45	45	39
71	76	66	30
72	54	58	69
73	68	44	44
74	36	46	19
75	79	39	95
76	48	36	40	540
77	53	48	55	740
78	61	48	75	920
79	44	74	70	850
80	81	78	45	660
81	64	38	60	700
82	62	61	60	680
83	36	43	70	920
84	47	84	65	820
85	66	72	60	740
86	80	39	70	860
87	36	50	55	720
88	50	65	50	550
89	77	79	75	860
90	50	50	45	580
91	34	100	150	1750
92	8	44	175	1600
93	94	60	200	1980
94	81	11	200	2120
95	4	12	175	1810
