  1      1990      5152        7393809
  2      3338      5252        3289537
  3      1629      4042        2905108
  4      3250      4189        2649459
  5      2234      4886        2113003
  6      3000      5355        1688267
  7      3637      4822        1543498
  8      2217      4140        1497666
  9      2919      4548        1302045
 10      3807      5933        1239057
 11      3158      4814        1161053
 12      3257      5568        1096056
 13      1375      5333         993279
 14      3427      4085         992711
 15      1809      5248         985858
 16      2697      5095         966829
 17      2435      5084         958816
 18      2768      4508         898434
 19      2537      4331         815086
 20      3075      5991         787447
 21      4372      3798         757441
 22      1961      3948         741945
 23      2489      5237         719518
 24      1402      3740         704488
 25      3336      3812         684792
 26      2868      5012         645529
 27      2893      4442         628840
 28      1573      5587         609383
 29      1911      4165         607018
 30      2700      5147         589863
 31      2448      5193         589077
 32      2748      5151         588292
 33      2919      4879         575426
 34      4494      6017         574662
 35      2679      5124         568314
 36      1086      3872         558139
 37      1558      3672         539294
 38      2881      5308         528153
 39      2675      5143         517661
 40      2973      5240         516780
 41      3201      5772         503710
 42      3105      4945         486771
 43      1701      5342         466629
 44      2428      5208         444358
 45      2483      4576         444085
 46      2442      5122         444068
 47      1852      5339         421807
 48      1845      5381         420316
 49      3374      5105         413617
 50      3240      5135         409807
 51      1740      5146         409310
 52      4295      4064         407815
 53      2145      4362         406192
 54      1775      5348         394307
 55      2720      5148         387603
 56      1678      5595         380505
 57      3134      4450         380250
 58      3124      4378         375480
 59      2718      5126         368589
 60      1887      3798         366319
 61       457      2810         365968
 62      1707      4325         351115
 63      2265      3957         350654
 64      3508      3750         337834
 65      2727      4370         334120
 66      2854      4738         333447
 67      3687      4112         331739
 68      2853      5203         322016
 69      1526      4165         319380
 70      1887      5264         319081
 71      1523      3788         316079
 72      2710      5073         311761
 73      1964      5375         309144
 74      2847      4950         305918
 75      1850      5242         295042
 76      1825      5380         290384
 77      1129      4222         287790
 78      1952      3835         283571
 79      1682      5148         279538
 80      1843      4723         278840
 81      2711      5151         278059
 82      2840      4900         277487
 83      3233      4543         272086
 84      1882      5297         271387
 85      2776      4858         270455
 86      1433      4353         268286
 87      1781      5301         266662
 88      2642      5120         266426
 89      2823      5008         266019
 90      2762      5196         265514
 91      1138      4115         263562
 92      3555      3819         259033
 93      1785      5259         258113
 94      3099      4544         256108
 95      3292      5083         256064
 96      1407      5460         255118
 97      3089      4836         252342
 98      1584      5038         249899
 99      3196      5148         245267
100      1641      3717         244899
101      3302      5561         243991
102      3051      5227         242390
103      1158      4333         241039
104      2609      5077         240251
105      2210      4135         238886
106      2655      5133         238207
107      2511      5210         232814
108      3012      5432         231702
109      3162      5213         229952
110      2387      4361         229368
111      1850      5292         227917
112      4466      6021         224423
113      3542      4708         223028
114      1902      5145         222675
115      2372      5104         222442
116      2686      5147         221902
117       375      2847         220744
118      3021      5616         219012
119      1733      4285         218385
120      1942      4484         216552
121      3377      4565         214511
122      3066      5387         213209
123      3187      4541         211498
124      1859      5091         211484
125      1832      4811         211033
126      2224      4145         209549
127      3724      4048         207753
128      2746      5137         205494
129      2785      4799         202977
130      2547      5144         201287
131      2445      5042         200997
132      1417      4335         200663
133      2534      6038         200550
134      1932      3827         199781
135      4376      6152         199196
136      1612      4032         198391
137      1792      5250         195932
138      3103      5099         195073
139      2948      5132         194646
140      2507      5157         193428
141      3210      5409         193319
142      3022      4555         192138
143      1835      4282         191939
144      2826      5000         190591
145      2012      4950         189687
146      4364      3794         189005
147      1790      5715         188302
148      1153      5190         187621
149      1840      5500         187241
150      1387      3668         186032
