  1        74        41        7322564
  2       118        34        3485398
  3        88        42        2783726
  4        95        30        1630553
  5        75        40        1585577
  6       117        33        1110549
  7        83        42        1027974
  8        97        33        1006877
  9       112        34         983403
 10        99        29         935933
 11       122        37         782248
 12        77        39         736014
 13        86        40         731327
 14       123        38         723959
 15        82        30         635230
 16        83        40         632910
 17        88        43         628088
 18        90        35         610337
 19        77        39         606900
 20        71        42         574283
 21       122        48         516259
 22       106        32         515342
 23        82        41         505616
 24        90        30         496938
 25        87        36         488374
 26       105        40         467610
 27        98        30         465622
 28        97        33         447619
 29        98        35         444719
 30       123        46         437319
 31        95        39         435146
 32       118        34         429433
 33       111        32         405390
 34        90        39         396685
 35        81        35         395934
 36        84        34         394017
 37        76        37         393069
 38       107        35         384736
 39       122        38         372242
 40        80        40         369879
 41       121        39         369365
 42        93        45         368383
 43        96        36         367302
 44        85        39         364040
 45        80        26         358548
 46       120        37         354202
 47        96        41         335795
 48        84        42         332943
 49        79        43         328123
 50        97        38         304011
 51        93        45         272235
 52        91        30         219531
 53        79        36         207951
 54        77        38         203056
 55        90        32         196637
 56        94        42         193187
 57        97        41         191972
 58        89        43         191262
 59        86        32         187106
 60        92        35         175795
 61        71        42         160728
 62       112        41         159936
 63        73        42         139739
 64        85        43         127321
 65       116        44         125738
 66        84        30         124773
 67        96        39         119883
 68       123        45         107786
 69        90        40         105227
 70        74        43         101082
 71        81        34          98052
 72        75        40          88675
 73        82        38          57287
 74       106        36          55859
 75        77        40          52376
 76       105        41          50008
 77       101        47          49256
 78       120        39          40443
 79        72        43          36006
 80        92        39          35481
 81       123        47          33840
 82        77        39          33187
 83        76        39          27630
 84        85        38          25968
 85       112        47          24569
 86        70        44          21325
 87       100        44          12906
 88        73        44           8247
