  1      3921      1238     84.00
  2      3904      1240     71.00
  3      3913      1250    109.00
  4      4153      1214    123.00
  5      4182      1225     62.00
  6      4150      1206     63.00
  7      4187      1322      2.00
  8      4138      1196     70.00
  9      4152      1218     13.00
 10      4167      1218     65.00
 11      4160      1219     12.00
 12      4166      1212     79.00
 13      4187      1327     54.00
 14      3928      1276     51.00
 15      4150      1195     75.00
 16      4188      1324     18.00
 17      4169      1193     43.00
 18      4184      1227     40.00
 19      4093      1227     43.00
 20      4170      1205     40.00
 21      4140      1207     36.00
 22      4112      1191     30.00
 23      4150      1196      1.00
 24      4113      1271     34.00
 25      4171      1224     31.00
 26      4145      1178     50.00
 27      4166      1213     57.00
 28      3910      1248     26.00
 29      4195      1205    115.00
 30      4267      1054      2.00
 31      4272      1053     67.00
 32      4154      1156     36.00
 33      4165      1144     36.00
 34      4249      1058     32.00
 35      4229      1129     61.00
 36      4221      1049     64.00
 37      4154      1157     55.00
 38      4254      1057     17.00
 39      4231      1114     86.00
 40      4262      1080     35.00
 41      4225      1004     44.00
 42      4189       990     63.00
 43      4185      1086     33.00
 44      4184      1058     18.00
 45      4272      1054      1.00
 46      4195      1206      6.00
 47      4305      1156     36.00
 48      4203      1246     69.00
 49      4313      1159    247.00
 50      4386      1092      1.00
 51      4213      1256     94.00
 52      4217      1304     87.00
 53      4242      1223     64.00
 54      4229      1218      2.00
 55      4374      1123     18.00
 56      4248      1223     41.00
 57      4234      1119     56.00
 58      4379      1125     33.00
 59      4376      1098     64.00
 60      4391      1107     35.00
 61      4386      1093     72.00
 62      4209      1250     56.00
 63      4201      1201    131.00
 64      4201      1180     66.00
 65      4212      1250      2.00
 66      4382      1109     32.00
 67      4368      1261      4.00
 68      4368      1262    273.00
 69      4541       992      5.00
 70      4495      1077     86.00
 71      4543       994      6.00
 72      4478      1113    137.00
 73      4470      1193     57.00
 74      4450      1021     25.00
 75      4550      1240     45.00
 76      4474      1126     47.00
 77      4478      1114      4.00
 78      4476      1110     34.00
 79      4541       991     35.00
 80      4499      1250     42.00
 81      4454       990    111.00
 82      4303       941     63.00
 83      4475       929      8.00
 84      4380      1011      3.00
 85      4266       990     31.00
 86      4448       980     28.00
 87      4279      1053     73.00
 88      4393      1077     64.00
 89      4347       954     50.00
 90      4454       991      1.00
 91      4410       963     15.00
 92      4576      1015     86.00
 93      4475       930     29.00
 94      4360       835     57.00
 95      4330       875    124.00
 96      4469       803     16.00
 97      4598       823    100.00
 98      4391       803     16.00
 99      4295       897     45.00
100      4270       895     35.00
101      4244       912    106.00
102      4255       929     30.00
103      4414       881     11.00
104      4390       804     38.00
105      4598       822      5.00
106      4329       861    155.00
107      4414       882     27.00
108      3921      1008     33.00
109      3935      1025    142.00
110      4011      1122     55.00
111      4001      1120    273.00
112      4011      1130    176.00
113      4010      1139    158.00
114      4127      1000     70.00
115      4083      1014     15.00
116      4048      1090    220.00
117      4126      1001    106.00
118      3999      1120    114.00
119      3931      1018    166.00
120      4001      1117     18.00
121      4020      1176     45.00
122      4022      1147     47.00
123      4021      1126      8.00
124      4005      1093      2.00
125      4005      1094     21.00
126      4239       934     87.00
127      3917      1010     64.00
128      3987      1021     26.00
129      3996      1047    148.00
130      4012      1137    212.00
131      4005      1026    176.00
132      3935      1026     32.00
133      4083      1015     10.00
134      3987      1022      1.00