  1      3873      1165    550.00
  2      3915      1225    810.00
  3      3928      1274    210.00
  4      4145      1176    210.00
  5      4163      1214    350.00
  6      4170      1206    200.00
  7      3926      1274    350.00
  8      3926      1275    200.00
  9      3983      1167    310.00
 10      3965      1169    500.00
 11      3966      1150    430.00
 12      4266      1261    300.00
 13      4263      1259    250.00
 14      4242      1226    250.00
 15      4211      1249    300.00
 16      4234      1120    290.00
 17      4233      1121    350.00
 18      4376      1358    500.00
 19      4348      1327    120.00
 20      4364      1276    150.00
 21      4551      1240    410.00
 22      4329       876    250.00
 23      4329       863    380.00
 24      4268      1053    100.00
 25      4129      1002    130.00
 26      4004      1095    200.00
 27      3995      1048    310.00
