  1      1272      1020         17.663
  2      1280       900         21.453
  3      1182       970         35.993
  4       590      1280          4.310
  5      1217      1165          0.000
  6      1235      1080          5.053
  7      1080      1126          2.283
  8      1182      1200          2.497
  9      1110       960          0.373
 10      1145      1313          2.920
 11      1187       768          8.467
 12       359       967          3.980
 13      1140       895          0.420
 14      1300       792          6.110
 15       980      1160          0.950
 16      1225      1090          5.847
 17      1075       595          8.543
 18      1180       962         52.567
 19      1230      1104          8.000
 20      1129      1400          0.310
 21       814       782          3.437
 22      1176       955          0.007
 23       363       700          2.497
 24      1182      1235          8.133
 25      1205       337          5.730
 26      1220       755          2.993
 27      1159      1432          8.247
 28      1220      1175          2.257
 29      1118      1010          1.143
 30      1092       983          2.510
 31       880      1012          1.920
 32      1231      1085          3.193
 33      1248      1027          1.477
 34       755       802          0.000
 35       808      1402          2.840
 36      1145       715          9.333
 37      1325       770          3.330
 38      1217      1118          8.677
 39      1186       957          0.010
 40      1329       696          3.570
 41      1336       743          0.057
 42      1140       610         10.823
 43      1024       965          2.040
 44      1243       915          1.703
 45      1217      1190          6.417
 46       900       942         14.437
 47       880      1358         14.277
 48       978       872          8.467
 49      1156      1164          1.173
 50      1187       986          0.570
 51       732      1038          7.623
 52      1269       901         12.440
 53      1146       937         16.667
 54      1140       885          0.017
 55      1085      1230          0.767
 56      1176      1288          2.897
 57       795      1044          0.643
 58      1015      1137          7.083
 59       630      1432          6.200
 60      1130      1032          3.023
 61      1070       325          3.500
 62       960       978          5.330
 63       935       458          2.320
 64      1280       800          3.147
 65      1173      1181          4.980
 66       936      1238          5.867
 67      1231      1076          1.897
 68      1260       538          4.427
 69      1086      1200          0.003
 70       976      1080          0.300
 71      1062      1405          3.347
 72      1361       620          4.660
 73      1359       673          1.957
 74      1187       275          1.440
 75      1045      1035          7.140
 76      1137       919          2.793
 77      1245       740          3.300
 78      1156      1050          4.977
 79      1160      1326         11.897
 80      1170       466          9.893
 81      1205       959          2.413
 82      1235        93          7.433
 83      1236      1112          3.947
 84      1160      1035          5.723
 85       761       766          0.147
 86      1130      1205          3.333
 87      1148      1178          1.000
 88      1217       784          2.147
 89       969       228          0.633
 90      1300       770         23.163
 91      1182       956         21.830
 92       895       920         26.493
 93      1265      1020         10.000
 94      1171       960          7.843
 95      1087       735          0.603
 96      1118      1036          2.270
 97       883      1058          3.293
 98      1003      1004          5.237
 99      1296       758          2.000
100        90       993          1.660
101       692      1930          3.143
102        67       661          5.877
103        82      1073          1.793
104       125      1369          0.190
105       955      1718          3.150
106       853      2110          0.000
107       844      1870          1.283
108       888      2015          3.410
109       136      1448          8.230
110        81      1361          1.760
111        72       699          2.370
112       853      2128          3.880
113       870      1998          0.710
114       907      2170          5.213
115       887      2330          0.573
116       537       165          5.700
117       400       136          7.537
