  1        32        31      20.0
  2        34        45      20.0
  3        27        36      20.0
  4        29        29      20.0
  5        32        29      20.0
  6        26        25      20.0
  7        24        33      20.0
  8        30        35      20.0
  9        29        27      20.0
 10        29        21      20.0
 11        33        28      20.0
 12        17        58      20.0
 13        40        12      20.0
 14        25        60      20.0
 15        21        28      20.0
 16        30        51      20.0
 17        19        47      20.0
 18        17        33      20.0
 19        22        40      20.0
 20        25        14      20.0
 21        29        12      20.0
 22        24        48      20.0
 23        17        42      20.0
 24        26        17      20.0
 25        19        21      20.0
 26        10        32      20.0
 27        34        56      20.0
 28        12        47      20.0
 29        19        38      20.0
 30        27        41      20.0
 31        21        35      20.0
 32        32        45      20.0
 33        27        45      20.0
 34        32        38      20.0
 35         8        22      20.0
 36        15        25      20.0
 37        35        16      20.0
 38        36        47      20.0
 39        46        51      20.0
 40        50        40      20.0
 41        23        22      20.0
 42        27        30      20.0
 43        38        39      20.0
 44        36        32      20.0
 45        32        41      20.0
 46        42        36      20.0
 47        36        26      20.0
 48        15        19      20.0
 49        19        14      20.0
 50        46        19      20.0
 51        27         5      20.0
 52        52        24      20.0
 53        40        22      20.0
 54        40        52      20.0
 55        42        42      20.0
 56        47        48      20.0
 57        51        48      20.0
 58        50        55      20.0
 59        48        57      20.0
 60        27        22      20.0
 61        42        56      20.0
 62        35        53      20.0
 63        27        55      20.0
 64        46        25      20.0
 65        43        58      20.0
 66        43        62      20.0
 67        43        12      20.0
 68        37        61      20.0
 69        35        60      20.0
 70        25        62      20.0
 71        19        61      20.0
 72        22        54      20.0
 73        16        58      20.0
 74        15        54      20.0
 75        16        45      20.0
 76        21         8      20.0
 77        32        18      20.0
 78        33        13      20.0
 79        34         8      20.0
 80        52        22      20.0
 81        49        17      20.0
 82        44        15      20.0
 83        48        12      20.0
 84        15        34      20.0
 85        19        28      20.0
