  1        32        31      20.0
  2        29        32      20.0
  3        27        36      20.0
  4        29        29      20.0
  5        32        29      20.0
  6        26        25      20.0
  7        24        33      20.0
  8        30        35      20.0
  9        29        27      20.0
 10        29        21      20.0
 11        33        28      20.0
 12        17        53      20.0
 13        34        30      20.0
 14        25        60      20.0
 15        21        28      20.0
 16        30        51      20.0
 17        19        47      20.0
 18        17        33      20.0
 19        22        40      20.0
 20        25        14      20.0
 21        29        12      20.0
 22        24        48      20.0
 23        17        42      20.0
 24         6        26      20.0
 25        19        21      20.0
 26        10        32      20.0
 27        34        56      20.0
 28        12        47      20.0
 29        19        38      20.0
 30        27        41      20.0
 31        21        35      20.0
 32        32        45      20.0
 33        27        45      20.0
 34        32        38      20.0
 35         8        22      20.0
 36        15        25      20.0
 37        35        10      20.0
 38        36        47      20.0
 39        46        51      20.0
 40        50        40      20.0
 41        23        22      20.0
 42        27        30      20.0
 43        38        39      20.0
 44        36        32      20.0
 45        32        41      20.0
 46        42        36      20.0
 47        36        20      20.0
 48        15        19      20.0
 49        19        14      20.0
 50        45        19      20.0
 51        27         5      20.0
 52        52        24      20.0
 53        40        22      20.0
 54        40        52      20.0
 55        42        42      20.0
