  1    547064    268520      3.50
  2    543480    259490      2.75
  3    543480    259420    312.00
  4    532728    276990    447.50
  5    550032    260610     17.75
  6    565824    278670     11.25
  7    541520    263760      3.00
  8    530488    259140    224.75
  9    546728    278810     49.50
 10    549472    276150    290.00
 11    558096    262920     25.25
 12    536088    267330      0.25
 13    546728    259210     32.75
 14    537152    259070     70.00
 15    534576    263760     16.25
 16    543928    276080     54.00
 17    535584    259210    393.00
 18    556304    260820     18.25
 19    531048    260260    210.00
 20    546896    276990     68.50
 21    544600    262780      1.50
 22    562688    269290    129.00
 23    560168    264320   2159.50
 24    542360    264740    120.75
 25    552048    268380     29.00
 26    570640    259070     91.00
 27    550144    271110     25.50
 28    538664    268870      3.25
 29    538664    268800    873.25
 30    539280    264810    272.75
 31    531496    275940     82.75
 32    530320    264740     64.50
 33    564816    265790      0.50
 34    564816    256860    721.25
 35    531664    270900      5.00
 36    531048    262640     18.00
 37    569688    275380    188.50
 38    553056    268520   1897.00
 39    556080    263200    125.25
 40    546112    266000   1419.25
 41    548968    260960    120.75
 42    556192    272160    721.00
 43    556192    272090   1411.25
 44    542864    270620     71.75
 45    556248    272090      1.25
 46    535024    278950     74.25
 47    559048    275520     48.00
 48    543760    268450     40.50
 49    553168    269570     16.00
 50    534968    277620     22.00
 51    562464    275800     42.00
 52    548352    266420   3402.50
 53    536592    262640    382.25
 54    536592    262640    218.25
 55    534240    265440    416.50
 56    559384    266560      2.75
 57    542192    272720     75.50
 58    530040    276500   1242.75
 59    531104    274050    640.25
 60    530320    277480      1.00
 61    549416    263480    242.00
 62    551376    259140     46.25
 63    551376    259140     14.50
 64    567056    265580     11.00
 65    554960    267260     10.50
 66    554960    267190      1.50
 67    533288    272720    398.00
 68    533288    272650      2.25
 69    531496    276080      6.75
 70    531440    276080   1098.00
 71    531440    275940     94.75
 72    567616    269290     80.25
 73    565152    259210    545.00
 74    549640    273210      0.25
 75    549976    268380     69.75
 76    540848    274190      0.25
 77    540904    274260    329.50
 78    540848    274260     27.25
 79    544824    263340      9.75
 80    544432    272440     25.50
 81    562016    260960     40.25
 82    547120    273840     74.50
 83    552048    260890     87.50
 84    560056    262080     80.75
 85    535920    260610     14.50
 86    534912    261870    146.00
 87    559384    269080      9.75
 88    545216    266280     38.75
 89    545216    266210     15.75
 90    559328    278810     95.00
 91    538608    275590     20.00
 92    531720    269500     23.50
 93    552664    276150    105.25
 94    533456    270200     32.75
 95    530656    271600   6499.50
 96    531328    269990    212.75
 97    533568    261450    764.00
 98    533568    261380      3.50
 99    556136    278250    519.75
100    530264    261870   1309.25
101    552888    263620    432.75
102    559552    270480     30.25
103    553560    272230     90.25
104    536480    279370    133.75
105    565488    262080     40.75
106    570136    279090      6.50
107    553000    266000      4.25
108    530544    272650   1539.75
109    545888    271950    308.25
110    545888    271810    280.00
111    564984    269290    146.50
112    537936    278810     32.50
113    553168    278390     17.25
114    552048    263830     67.25
115    569856    265860      9.25
116    535584    273210    824.00
117    535976    273280   3752.25
118    535864    273140      1.00
119    535808    273210    616.50
120    535864    273350      5.25
121    535808    273140     20.00
122    569856    269220     80.00
123    567616    263200    419.00
124    559328    273140      4.00
125    539336    274330      0.75
126    543536    278740      7.00
127    545552    260820      6.25
128    545552    260890     42.00
129    545160    263620   4795.25
130    545048    263480   4783.00
131    545384    263550      6.00
132    545048    263760      6.50
133    545104    263830      2.50
134    545160    263690    696.25
135    545272    263620   1599.50
136    545048    263970     10.50
137    545104    263690   6254.50
138    545328    263690     11.75
139    533456    275240      2.00
140    543088    260750    143.00
141    543088    260680      3.00
142    528640    282800      3.50
143    524776    258860     71.25
144    526400    282800      0.50
145    527800    273140    151.00
146    522144    269360     21.00
147    521584    256480     69.00
148    521192    277620    336.50
149    528360    268100     55.50
150    527800    278180    208.00
151    523824    275520      5.75
152    528080    260050    196.50
153    525616    256690     28.50
154    523992    278460    536.00
155    525168    268450      5.75
156    526400    265300    199.50
157    527800    275450      3.50
158    534800    283500     48.75
159    528976    275590      0.25
160    528472    270620      3.00
161    528304    274750   1101.75
162    528304    274470   1908.00
163    515928    269780    507.75
164    516320    269990    981.00
165    516040    269710     18.00
166    516208    269850    194.00
167    528920    259560   1804.25
168    529200    259700   5743.50
169    529200    259420    819.00
170    529032    272930      3.25
171    529088    272790   2828.00
172    529424    273350     25.00
173    529312    273350     16.00
174    529536    274400    559.75
175    529536    274470   1123.00
176    529480    273350      6.75
177    527744    272580     21.25
178    529144    272440    600.50
179    529312    275100   1086.25
180    529088    272580    291.25
181    529368    273280   4388.25
182    529312    274330     51.00
183    528808    272510     32.75
184    529256    274120   1548.00
185    528528    273000   1813.75
186    529256    273980      2.50
187    528584    274470     23.75
188    528976    272790    377.50
189    529032    272790    303.25
190    528920    272860      2.50
191    529312    273910   1030.00
192    529648    273000      0.75
193    528640    273700    402.50
194    528080    262500     42.00
195    529360    272300    490.00
196    528640    274750     16.25
197    521920    273840     32.25
198    530880    283500    284.25
199    521360    271470    135.50
200    525952    258580   1767.25
201    525560    259700      1.50
202    528416    258090    545.50
203    528640    264950    267.75
204    528640    264880      6.00
205    518616    266980   1711.25
206    524776    266280    405.50
207    524160    282800     48.00
208    526400    274820     26.25
209    530880    278320   1006.25
210    531216    278320   6307.75
211    529760    275800    893.50
212    522480    260470   7224.00
213    522368    260610     29.00
214    522144    260330   4615.00
215    522256    260470     83.75
216    522256    260190     75.75
217    522592    260260      6.25
218    522760    260260      9.50
219    524552    279510    338.75
220    525000    271180    150.75
221    524216    271180     23.75
222    523824    269500      2.25
223    553840    258650     10.50
224    557256    258650      9.00
225    557256    258650     26.00
226    565320    258650    116.75
227    541352    243112   1342.00
228    556304    242134    271.50
229    556304    242343    112.25
230    550088    245209     26.00
231    537488    257250   3401.25
232    546728    247953    214.75
233    544712    257670    434.75
234    539840    250452      0.50
235    550704    257320      5.50
236    548408    244930   1503.75
237    535416    254240     50.00
238    535416    254170    611.25
239    554176    248285    159.00
240    550816    248005     22.50
241    536648    254520      4.25
242    554400    246607     84.25
243    541856    251570     18.00
244    535304    251570      0.75
245    548464    241155   2689.25
246    545888    249194    640.50
247    548576    248355    954.75
248    556640    247516     88.25
249    547848    254590     68.50
250    547848    255080    200.75
251    548296    254590    933.25
252    541520    256060      9.25
253    551488    253960      0.25
254    530712    256060     22.50
255    545608    250731    292.00
256    537544    247726      0.50
257    537488    247726    462.50
258    554904    244860      5.00
259    539896    245209      3.00
260    559440    242413      7.25
261    531048    254940    131.25
262    548408    250661     79.00
263    550928    241085   2997.50
264    546728    243532     91.25
265    557200    243671     17.50
266    536256    244161   1104.00
267    531272    258090    553.50
268    545496    247726    751.75
269    545776    247027    338.00
270    534072    249893   1624.00
271    534072    249823    162.50
272    544712    246537      8.50
273    545888    246118   1899.00
274    535528    256900      8.00
275    546280    247796   1808.50
276    546504    248075   6413.00
277    546280    247865      5.25
278    546560    248145    297.25
279    546224    247935    432.25
280    546392    247376    188.75
281    545608    247656   1019.00
282    546168    248005   4331.50
283    546224    247865    518.75
284    546280    247516   1267.25
285    546168    247935    301.75
286    546560    247935    154.25
287    537488    248984   1511.50
288    544488    242903     59.00
289    539504    256690     21.25
290    542080    254380     36.25
291    544824    253960      3.50
292    543648    256900   1810.25
293    529816    244930     51.00
294    541352    248075      2.25
295    533842    254240    813.50
296    545272    244720      8.25
297    535752    250452     51.25
298    538160    252000     96.50
299    541352    246328     19.00
300    542696    245838    178.75
301    542696    245768    277.25
302    530768    247865      9.25
303    543536    252910      5.00
304    543536    252840    900.75
305    526816    250382      9.00
306    541184    249263     43.50
307    543032    241365      3.75
308    531832    251011    185.25
309    552944    249893    111.50
310    536984    252280   2558.75
311    536928    252490    844.00
312    536928    252350   5760.75
313    536984    252630   5131.50
314    536984    252560   4904.75
315    536872    252420      1.75
316    537040    252630   3485.25
317    536984    252420      2.75
318    532896    256550     23.75
