  1        44        41   10000.0     40.00     0.000
  2        56         7   10000.0     40.00     0.000
  3        40        72   10000.0     40.00     0.000
  4        62        12   10000.0     40.00     0.000
  5        46         5   10000.0     40.00     0.000
  6        25        75   10000.0     40.00     0.000
  7        69        22   10000.0     40.00     0.000
  8        69        61   10000.0     40.00     0.000
  9        51        67   10000.0     40.00     0.000
 10        33        73   10000.0     40.00     0.000
