  1        14        51   10000.0     40.00     0.000
  2        23        41   10000.0     40.00     0.000
  3         7        35   10000.0     40.00     0.000
  4        47        40   10000.0     40.00     0.000
  5        31        34   10000.0     40.00     0.000
  6         3        69   10000.0     40.00     0.000
  7        50        76   10000.0     40.00     0.000
  8        52        30   10000.0     40.00     0.000
  9        32        48   10000.0     40.00     0.000
 10        14        54   10000.0     40.00     0.000
