  1      1180       962     300.0    274.30     0.000
  2      1182       970     300.0    440.10     0.000
  3       895       920     300.0    535.10     0.000
  4      1300       770     300.0    568.40     0.000
  5      1182       956     300.0    581.70     0.000
  6      1280       900     300.0    585.50     0.000
  7      1272      1020     300.0    623.40     0.000
  8      1146       937     300.0    633.40     0.000
  9       900       942     300.0    655.60     0.000
 10       880      1358     300.0    657.70     0.000
 11      1269       901     300.0    675.60     0.000
 12      1160      1326     300.0    681.00     0.000
 13      1140       610     300.0    691.80     0.000
 14      1265      1020     300.0    700.00     0.000
