  1        30        61     550.0     240.0      0.74
  2        22        54     550.0     240.0      0.74
  3        45        54     550.0     240.0      0.74
  4        39        47     550.0     240.0      0.74
  5        28        39     550.0     240.0      0.74
  6        36        36     550.0     240.0      0.74
  7        32        35     550.0     240.0      0.74
  8        33        32     550.0     240.0      0.74
  9        27        28     550.0     240.0      0.74
 10        32        28     550.0     240.0      0.74
 11        11        27     550.0     240.0      0.74
 12        18        25     550.0     240.0      0.74
 13        39        19     550.0     240.0      0.74
 14        15        12     550.0     240.0      0.74
 15        40        12     550.0     240.0      0.74
