40	5	340	0	0
0	928.1	0
1	1	4	17
2	51	75	34
3	75	5	71
4	17	73	99
5	60	50	35
6	40	11	3
7	68	24	48
8	22	48	20
9	13	79	91
10	35	79	20
11	23	52	54
12	6	62	61
13	99	14	35
14	57	37	88
15	32	53	47
16	4	31	54
17	32	40	92
18	53	58	16
19	47	5	37
20	5	97	17
21	77	55	36
22	29	46	49
23	6	13	88
24	27	17	73
25	34	7	27
26	68	50	21
27	22	43	53
28	100	79	88
29	51	49	68
30	9	38	6
31	67	36	75
32	59	40	55
33	30	1	68
34	72	73	99
35	75	10	10
36	58	28	55
37	58	51	75
38	28	39	9
39	78	15	1
40	25	21	36
41	25	75	100	1750	6
42	74	54	100	1750	6
43	4	44	100	1750	6
44	46	22	100	1750	6
45	69	17	100	1750	6
