40	5	325	0	0
0	964.33	0
1	76	78	28
2	5	61	80
3	87	60	36
4	37	73	22
5	33	86	34
6	16	8	17
7	82	14	82
8	10	97	74
9	32	30	45
10	55	62	71
11	69	3	57
12	65	74	65
13	49	37	61
14	37	94	45
15	43	91	96
16	61	90	92
17	72	44	37
18	55	97	74
19	96	42	17
20	64	20	58
21	73	52	55
22	51	34	76
23	11	50	60
24	32	18	79
25	10	24	73
26	60	15	100
27	54	44	21
28	90	14	93
29	35	36	9
30	45	61	25
31	2	84	85
32	26	76	51
33	73	36	96
34	19	44	33
35	78	55	94
36	45	77	16
37	55	33	64
38	80	49	99
39	8	68	98
40	9	20	59
41	60	52	100	1750	6
42	52	65	100	1750	6
43	85	73	100	1750	6
44	8	61	100	1750	6
45	57	99	100	1750	6
