40	5	275	0	0
0	981.54	0
1	96	82	68
2	22	34	87
3	83	27	56
4	65	56	68
5	9	92	54
6	5	97	73
7	79	37	46
8	91	23	9
9	7	88	46
10	41	84	19
11	21	46	82
12	88	40	83
13	65	18	18
14	9	16	59
15	82	65	85
16	81	97	74
17	3	64	20
18	38	70	31
19	75	19	49
20	65	82	26
21	72	49	80
22	22	80	49
23	85	82	15
24	71	13	1
25	26	29	97
26	91	79	62
27	55	53	57
28	3	84	52
29	54	64	30
30	67	31	23
31	24	50	49
32	88	19	72
33	51	16	28
34	78	99	67
35	91	43	37
36	71	76	34
37	96	80	44
38	81	7	94
39	70	69	29
40	31	64	37
41	75	19	100	1750	7
42	7	32	100	1750	7
43	89	20	100	1750	7
44	81	65	100	1750	7
45	53	21	100	1750	7
