40	5	370	0	0
0	947.30	0
1	17	71	91
2	32	16	61
3	36	36	24
4	50	3	13
5	32	99	61
6	43	79	9
7	13	47	63
8	38	59	54
9	62	25	37
10	44	1	26
11	23	7	12
12	13	42	74
13	28	51	70
14	74	41	81
15	77	73	85
16	38	86	42
17	59	48	15
18	16	57	94
19	64	78	19
20	29	8	54
21	69	21	76
22	35	61	79
23	58	10	90
24	93	39	38
25	85	96	88
26	38	59	95
27	4	20	21
28	93	47	45
29	16	20	58
30	28	21	28
31	3	78	46
32	35	28	89
33	63	1	70
34	69	39	4
35	14	37	63
36	7	34	48
37	62	78	16
38	5	1	58
39	93	8	40
40	43	90	81
41	64	63	100	1750	5
42	51	51	100	1750	5
43	5	17	100	1750	5
44	73	15	100	1750	5
45	38	18	100	1750	5
