40	5	390	0	0
0	888.42	0
1	61	67	40
2	14	62	18
3	86	10	87
4	57	58	17
5	13	82	39
6	19	45	51
7	71	73	2
8	3	23	85
9	94	66	64
10	36	56	42
11	22	71	2
12	96	45	92
13	58	13	16
14	58	61	80
15	52	62	58
16	33	45	63
17	8	33	64
18	52	9	28
19	78	30	65
20	32	27	76
21	6	9	93
22	81	82	74
23	97	35	41
24	7	80	28
25	5	90	90
26	62	73	65
27	40	45	45
28	21	45	31
29	7	4	14
30	14	66	66
31	4	23	84
32	42	11	18
33	85	77	100
34	57	92	79
35	56	7	80
36	33	57	87
37	77	45	46
38	21	17	61
39	8	60	76
40	10	25	83
41	86	34	100	1750	5
42	28	62	100	1750	5
43	62	44	100	1750	5
44	19	35	100	1750	5
45	95	4	100	1750	5
