40	5	275	0	0
0	1052.04	0
1	10	33	26
2	12	72	68
3	14	23	39
4	73	56	4
5	62	54	18
6	44	51	98
7	33	6	85
8	11	8	60
9	29	31	80
10	83	41	66
11	28	81	20
12	16	13	36
13	77	20	55
14	32	75	94
15	22	58	31
16	5	35	44
17	7	38	66
18	43	99	1
19	36	89	54
20	46	84	63
21	5	13	16
22	92	67	7
23	12	7	89
24	11	93	98
25	94	19	20
26	78	5	34
27	42	4	91
28	75	55	59
29	32	60	91
30	54	35	10
31	99	39	98
32	27	38	95
33	59	9	43
34	95	20	33
35	80	95	92
36	86	65	51
37	45	80	47
38	28	12	9
39	32	85	20
40	98	60	13
41	18	5	100	1750	7
42	5	59	100	1750	7
43	90	26	100	1750	7
44	16	49	100	1750	7
45	33	18	100	1750	7
